SolidID  6   2269 
h  45  -172215 1 0 -1 -0
h  118  -154089 1 0 -1 -0
h  489  -172578 1 0 -1 -0
h  597  -154730 1 0 -1 -0
h  714  -156314 1 0 -1 -0
h  715  -156337 1 0 -1 -0
h  787  -199327 1 0 -1 -0
h  788  -248216 1 0 -1 -0
h  789  -247479 1 0 -1 -0
h  790  -221715 1 0 -1 -0
h  801  -287261 1 0 -1 -0
h  813  -164848 1 0 -1 -0
h  814  -161195 1 0 -1 -0
h  820  -160428 1 0 -1 -0
h  828  -215990 1 0 -1 -0
h  861  -164275 1 0 -1 -0
h  871  -166179 1 0 -1 -0
h  872  -165957 1 0 -1 -0
h  897  -155458 1 0 -1 -0
h  907  -214410 1 0 -1 -0
h  916  -161013 1 0 -1 -0
h  921  -160589 1 0 -1 -0
h  934  -154290 1 0 -1 -0
h  951  -159341 1 0 -1 -0
h  956  -159174 1 0 -1 -0
h  993  -199259 1 0 -1 -0
h  994  -198823 1 0 -1 -0
h  1003  -195121 1 0 -1 -0
h  1004  -196379 1 0 -1 -0
h  1009  -160454 1 0 -1 -0
h  1010  -163074 1 0 -1 -0
h  1012  -158717 1 0 -1 -0
h  1013  -160959 1 0 -1 -0
h  1014  -160676 1 0 -1 -0
h  1029  -156278 1 0 -1 -0
h  1051  -158922 1 0 -1 -0
h  1052  -161578 1 0 -1 -0
h  1056  -156142 1 0 -1 -0
h  1088  -202717 1 0 -1 -0
h  1097  -155750 1 0 -1 -0
h  1128  -155750 1 0 -1 -0
h  1134  -192034 1 0 -1 -0
h  1168  -155266 1 0 -1 -0
h  1169  -155375 1 0 -1 -0
h  1195  -192585 1 0 -1 -0
h  1196  -194614 1 0 -1 -0
h  1205  -157728 1 0 -1 -0
h  1206  -156636 1 0 -1 -0
h  1220  -154984 1 0 -1 -0
h  1221  -155174 1 0 -1 -0
h  1267  -175230 1 0 -1 -0
h  1296  -156641 1 0 -1 -0
h  1297  -155882 1 0 -1 -0
h  1317  -158019 1 0 -1 -0
h  1455  -156701 1 0 -1 -0
h  1456  -155578 1 0 -1 -0
h  1457  -155655 1 0 -1 -0
h  1473  -156547 1 0 -1 -0
h  1474  -156634 1 0 -1 -0
h  1477  -155257 1 0 -1 -0
h  1483  -157421 1 0 -1 -0
h  1484  -158522 1 0 -1 -0
h  1504  -204825 1 0 -1 -0
h  1555  -154949 1 0 -1 -0
h  1556  -154925 1 0 -1 -0
h  1586  -155596 1 0 -1 -0
h  1587  -157334 1 0 -1 -0
h  1588  -157149 1 0 -1 -0
h  1589  -156112 1 0 -1 -0
h  1590  -155965 1 0 -1 -0
h  1596  -172294 1 0 -1 -0
h  1719  -178398 1 0 -1 -0
h  1720  -178125 1 0 -1 -0
h  1721  -178540 1 0 -1 -0
h  1732  -172307 1 0 -1 -0
h  1772  -156386 1 0 -1 -0
h  1773  -156260 1 0 -1 -0
h  1774  -157176 1 0 -1 -0
h  1937  -157971 1 0 -1 -0
h  1938  -158133 1 0 -1 -0
h  1939  -160786 1 0 -1 -0
h  1964  -175990 1 0 -1 -0
h  2046  -161587 1 0 -1 -0
h  2047  -158875 1 0 -1 -0
h  2048  -161917 1 0 -1 -0
h  2049  -159144 1 0 -1 -0
h  2080  -155653 1 0 -1 -0
h  2081  -154874 1 0 -1 -0
h  2090  -164787 1 0 -1 -0
h  2091  -164344 1 0 -1 -0
h  2165  -197918 1 0 -1 -0
h  2166  -198653 1 0 -1 -0
h  2325  -197669 1 0 -1 -0
h  2326  -196696 1 0 -1 -0
h  2379  -155927 1 0 -1 -0
h  2380  -157169 1 0 -1 -0
h  2515  -172458 1 0 -1 -0
h  2516  -172094 1 0 -1 -0
h  2584  -156092 1 0 -1 -0
h  2585  -156736 1 0 -1 -0
h  2667  -157532 1 0 -1 -0
h  2668  -157345 1 0 -1 -0
h  2669  -159443 1 0 -1 -0
h  2900  -160237 1 0 -1 -0
h  3115  -154613 1 0 -1 -0
h  3585  -169022 1 0 -1 -0
h  3586  -168936 1 0 -1 -0
h  3587  -169342 1 0 -1 -0
h  3588  -169305 1 0 -1 -0
h  3744  -172904 1 0 -1 -0
h  3745  -164625 1 0 -1 -0
h  3820  -157639 1 0 -1 -0
h  3880  -155841 1 0 -1 -0
h  3881  -156026 1 0 -1 -0
h  4480  -155305 1 0 -1 -0
h  4481  -155508 1 0 -1 -0
h  4601  -155480 1 0 -1 -0
h  4602  -156511 1 0 -1 -0
h  4603  -155992 1 0 -1 -0
h  4992  -158895 1 0 -1 -0
h  4993  -157238 1 0 -1 -0
h  4994  -157053 1 0 -1 -0
h  5136  -178393 1 0 -1 -0
h  5400  -160127 1 0 -1 -0
h  5409  -160644 1 0 -1 -0
h  5410  -160819 1 0 -1 -0
h  5857  -174521 1 0 -1 -0
h  5858  -174296 1 0 -1 -0
h  5859  -186313 1 0 -1 -0
h  5860  -186105 1 0 -1 -0
h  6166  -156607 1 0 -1 -0
h  6167  -156741 1 0 -1 -0
h  6278  -178557 1 0 -1 -0
h  6279  -177307 1 0 -1 -0
h  6498  -158092 1 0 -1 -0
h  6499  -158003 1 0 -1 -0
h  6500  -156454 1 0 -1 -0
h  6501  -156383 1 0 -1 -0
h  6685  -155805 1 0 -1 -0
h  6686  -155795 1 0 -1 -0
h  6687  -154854 1 0 -1 -0
h  6688  -154835 1 0 -1 -0
h  6808  -154955 1 0 -1 -0
h  6809  -154989 1 0 -1 -0
h  6812  -172452 1 0 -1 -0
h  6813  -164678 1 0 -1 -0
h  6814  -172226 1 0 -1 -0
h  6815  -172568 1 0 -1 -0
h  7764  -275247 1 0 -1 -0
h  7765  -335650 1 0 -1 -0
h  7782  -470002 1 0 -1 -0
h  7783  -434259 1 0 -1 -0
h  7826  -319700 1 0 -1 -0
h  7827  -444664 1 0 -1 -0
h  7829  -352380 1 0 -1 -0
h  7830  -300967 1 0 -1 -0
h  7850  -479508 1 0 -1 -0
h  7853  -385954 1 0 -1 -0
h  7854  -440762 1 0 -1 -0
h  7855  -426963 1 0 -1 -0
h  7858  -348504 1 0 -1 -0
h  7859  -355653 1 0 -1 -0
h  7920  -552421 1 0 -1 -0
h  7921  -540431 1 0 -1 -0
h  7977  -554639 1 0 -1 -0
h  8012  -617419 1 0 -1 -0
h  8013  -604712 1 0 -1 -0
h  8016  -263641 1 0 -1 -0
h  8017  -280828 1 0 -1 -0
h  8020  -579886 1 0 -1 -0
h  8021  -584942 1 0 -1 -0
h  8024  -615789 1 0 -1 -0
h  8025  -627575 1 0 -1 -0
h  8063  -682243 1 0 -1 -0
h  8064  -682391 1 0 -1 -0
h  8076  -584990 1 0 -1 -0
h  8077  -579521 1 0 -1 -0
h  8168  -597930 1 0 -1 -0
h  8169  -600857 1 0 -1 -0
h  8195  -602215 1 0 -1 -0
h  8196  -599007 1 0 -1 -0
h  8235  -608843 1 0 -1 -0
h  8236  -610698 1 0 -1 -0
h  8254  -613481 1 0 -1 -0
h  8255  -611237 1 0 -1 -0
h  8269  -515460 1 0 -1 -0
h  8270  -525751 1 0 -1 -0
h  8271  -660368 1 0 -1 -0
h  8272  -588511 1 0 -1 -0
h  8273  -661356 1 0 -1 -0
h  8274  -621652 1 0 -1 -0
h  8275  -624381 1 0 -1 -0
h  8276  -663672 1 0 -1 -0
h  8293  -615670 1 0 -1 -0
h  8294  -616772 1 0 -1 -0
h  8303  -621443 1 0 -1 -0
h  8304  -619881 1 0 -1 -0
h  8309  -279433 1 0 -1 -0
h  8310  -290116 1 0 -1 -0
h  8311  -277282 1 0 -1 -0
h  8313  -240249 1 0 -1 -0
h  8314  -255935 1 0 -1 -0
h  8332  -619466 1 0 -1 -0
h  8333  -620056 1 0 -1 -0
h  8334  -732822 1 0 -1 -0
h  8335  -725827 1 0 -1 -0
h  8336  -623848 1 0 -1 -0
h  8337  -629473 1 0 -1 -0
h  8340  -626507 1 0 -1 -0
h  8341  -625689 1 0 -1 -0
h  8352  -627228 1 0 -1 -0
h  8353  -627598 1 0 -1 -0
h  8356  -621748 1 0 -1 -0
h  8357  -622641 1 0 -1 -0
h  8358  -531793 1 0 -1 -0
h  8359  -519974 1 0 -1 -0
h  8360  -668492 1 0 -1 -0
h  8361  -660697 1 0 -1 -0
h  8375  -734196 1 0 -1 -0
h  8434  -715445 1 0 -1 -0
h  8435  -749225 1 0 -1 -0
h  8436  -754102 1 0 -1 -0
h  8456  -551737 1 0 -1 -0
h  8457  -561385 1 0 -1 -0
h  8458  -677699 1 0 -1 -0
h  8459  -684019 1 0 -1 -0
h  8460  -653718 1 0 -1 -0
h  8461  -661798 1 0 -1 -0
h  8464  -732936 1 0 -1 -0
h  8474  -566871 1 0 -1 -0
h  8475  -557574 1 0 -1 -0
h  8476  -689717 1 0 -1 -0
h  8477  -683863 1 0 -1 -0
h  8478  -565575 1 0 -1 -0
h  8479  -388998 1 0 -1 -0
h  8480  -357841 1 0 -1 -0
h  8481  -508617 1 0 -1 -0
h  8482  -587270 1 0 -1 -0
h  8483  -424187 1 0 -1 -0
h  8490  -679597 1 0 -1 -0
h  8491  -673915 1 0 -1 -0
h  8503  -552306 1 0 -1 -0
h  8504  -383494 1 0 -1 -0
h  8505  -353823 1 0 -1 -0
h  8506  -495535 1 0 -1 -0
h  8507  -575502 1 0 -1 -0
h  8508  -418105 1 0 -1 -0
h  8509  -722893 1 0 -1 -0
h  8510  -630120 1 0 -1 -0
h  8511  -727077 1 0 -1 -0
h  8512  -729870 1 0 -1 -0
h  8538  -679782 1 0 -1 -0
h  8539  -685794 1 0 -1 -0
h  8544  -701260 1 0 -1 -0
h  8545  -696460 1 0 -1 -0
h  8546  -590196 1 0 -1 -0
h  8547  -582554 1 0 -1 -0
h  8555  -487379 1 0 -1 -0
h  8556  -472385 1 0 -1 -0
h  8557  -639088 1 0 -1 -0
h  8558  -627580 1 0 -1 -0
h  8566  -607005 1 0 -1 -0
h  8567  -612967 1 0 -1 -0
h  8568  -710857 1 0 -1 -0
h  8569  -714562 1 0 -1 -0
h  8588  -700505 1 0 -1 -0
h  8589  -588060 1 0 -1 -0
h  8605  -698797 1 0 -1 -0
h  8606  -693940 1 0 -1 -0
h  8619  -656097 1 0 -1 -0
h  8620  -560971 1 0 -1 -0
h  8621  -656063 1 0 -1 -0
h  8622  -641720 1 0 -1 -0
h  8627  -742052 1 0 -1 -0
h  8628  -669187 1 0 -1 -0
h  8629  -713764 1 0 -1 -0
h  8630  -709971 1 0 -1 -0
h  8633  -725435 1 0 -1 -0
h  8634  -722410 1 0 -1 -0
h  8635  -699562 1 0 -1 -0
h  8636  -704444 1 0 -1 -0
h  8658  -680479 1 0 -1 -0
h  8659  -601159 1 0 -1 -0
h  8660  -668953 1 0 -1 -0
h  8661  -681126 1 0 -1 -0
h  8695  -616508 1 0 -1 -0
h  8696  -649908 1 0 -1 -0
h  8697  -628406 1 0 -1 -0
h  8698  -654690 1 0 -1 -0
h  8699  -618052 1 0 -1 -0
h  8700  -616991 1 0 -1 -0
h  8701  -680964 1 0 -1 -0
h  8702  -678590 1 0 -1 -0
h  8703  -660342 1 0 -1 -0
h  8704  -662242 1 0 -1 -0
h  8714  -466154 1 0 -1 -0
h  8715  -481926 1 0 -1 -0
h  8716  -616524 1 0 -1 -0
h  8727  -743845 1 0 -1 -0
h  8730  -739684 1 0 -1 -0
h  8731  -737964 1 0 -1 -0
h  8732  -692883 1 0 -1 -0
h  8733  -748823 1 0 -1 -0
h  8776  -689965 1 0 -1 -0
h  8777  -691675 1 0 -1 -0
h  8778  -747128 1 0 -1 -0
h  8801  -752251 1 0 -1 -0
h  8804  -752348 1 0 -1 -0
h  8805  -748938 1 0 -1 -0
h  8806  -690245 1 0 -1 -0
h  8807  -748517 1 0 -1 -0
h  8878  -751926 1 0 -1 -0
h  8881  -750987 1 0 -1 -0
h  8882  -748106 1 0 -1 -0
h  8920  -530904 1 0 -1 -0
h  8921  -611888 1 0 -1 -0
h  8922  -590312 1 0 -1 -0
h  8923  -612439 1 0 -1 -0
h  8937  -424376 1 0 -1 -0
h  8938  -424310 1 0 -1 -0
h  8939  -667670 1 0 -1 -0
h  8940  -636933 1 0 -1 -0
h  8941  -657940 1 0 -1 -0
h  9010  -615868 1 0 -1 -0
h  9011  -548342 1 0 -1 -0
h  9012  -604256 1 0 -1 -0
h  9013  -617976 1 0 -1 -0
h  9063  -689220 1 0 -1 -0
h  9064  -616657 1 0 -1 -0
h  9065  -692261 1 0 -1 -0
h  9066  -688270 1 0 -1 -0
h  9084  -744452 1 0 -1 -0
h  9085  -739437 1 0 -1 -0
h  9086  -730259 1 0 -1 -0
h  9087  -723587 1 0 -1 -0
h  9188  -688899 1 0 -1 -0
h  9189  -617131 1 0 -1 -0
h  9190  -617789 1 0 -1 -0
h  9191  -692576 1 0 -1 -0
h  9192  -689408 1 0 -1 -0
h  9246  -750279 1 0 -1 -0
h  9249  -745778 1 0 -1 -0
h  9250  -747467 1 0 -1 -0
h  9251  -619561 1 0 -1 -0
h  9252  -506284 1 0 -1 -0
h  9253  -620162 1 0 -1 -0
h  9254  -508369 1 0 -1 -0
h  9283  -700162 1 0 -1 -0
h  9294  -732438 1 0 -1 -0
h  9295  -692992 1 0 -1 -0
h  9296  -733394 1 0 -1 -0
h  9297  -698668 1 0 -1 -0
h  9313  -360557 1 0 -1 -0
h  9314  -328480 1 0 -1 -0
h  9315  -438768 1 0 -1 -0
h  9316  -445354 1 0 -1 -0
h  9319  -190686 1 0 -1 -0
h  9320  -185265 1 0 -1 -0
h  9327  -651464 1 0 -1 -0
h  9328  -629152 1 0 -1 -0
h  9329  -621911 1 0 -1 -0
h  9330  -630916 1 0 -1 -0
h  9331  -658492 1 0 -1 -0
h  9375  -721549 1 0 -1 -0
h  9376  -693453 1 0 -1 -0
h  9377  -706081 1 0 -1 -0
h  9378  -695372 1 0 -1 -0
h  9379  -725369 1 0 -1 -0
h  9396  -738298 1 0 -1 -0
h  9397  -713450 1 0 -1 -0
h  9398  -728785 1 0 -1 -0
h  9399  -709075 1 0 -1 -0
h  9400  -736271 1 0 -1 -0
h  9401  -618152 1 0 -1 -0
h  9402  -517962 1 0 -1 -0
h  9403  -619385 1 0 -1 -0
h  9404  -514707 1 0 -1 -0
h  9405  -615454 1 0 -1 -0
h  9406  -526490 1 0 -1 -0
h  9407  -615054 1 0 -1 -0
h  9408  -527072 1 0 -1 -0
h  9419  -554257 1 0 -1 -0
h  9420  -412728 1 0 -1 -0
h  9421  -564403 1 0 -1 -0
h  9422  -426346 1 0 -1 -0
h  9471  -613269 1 0 -1 -0
h  9472  -524734 1 0 -1 -0
h  9473  -612239 1 0 -1 -0
h  9474  -523035 1 0 -1 -0
h  9516  -609797 1 0 -1 -0
h  9517  -484210 1 0 -1 -0
h  9518  -607294 1 0 -1 -0
h  9519  -480031 1 0 -1 -0
h  9576  -616690 1 0 -1 -0
h  9577  -498560 1 0 -1 -0
h  9578  -615000 1 0 -1 -0
h  9579  -495613 1 0 -1 -0
h  9634  -608561 1 0 -1 -0
h  9635  -514998 1 0 -1 -0
h  9636  -606582 1 0 -1 -0
h  9637  -511544 1 0 -1 -0
h  9642  -483982 1 0 -1 -0
h  9643  -318013 1 0 -1 -0
h  9644  -509446 1 0 -1 -0
h  9645  -335328 1 0 -1 -0
h  9696  -612911 1 0 -1 -0
h  9697  -511200 1 0 -1 -0
h  9698  -622186 1 0 -1 -0
h  9699  -621620 1 0 -1 -0
h  9700  -630421 1 0 -1 -0
h  9701  -637293 1 0 -1 -0
h  9702  -638902 1 0 -1 -0
h  9780  -288852 1 0 -1 -0
h  9781  -314490 1 0 -1 -0
h  9782  -331223 1 0 -1 -0
h  9783  -343895 1 0 -1 -0
h  9859  -751211 1 0 -1 -0
h  9862  -747704 1 0 -1 -0
h  9863  -751724 1 0 -1 -0
h  9927  -600320 1 0 -1 -0
h  9928  -497654 1 0 -1 -0
h  9929  -597101 1 0 -1 -0
h  9930  -492019 1 0 -1 -0
h  9952  -456877 1 0 -1 -0
h  9953  -519720 1 0 -1 -0
h  9954  -452966 1 0 -1 -0
h  9955  -505595 1 0 -1 -0
h  9978  -156406 1 0 -1 -0
h  10059  -590078 1 0 -1 -0
h  10060  -596978 1 0 -1 -0
h  10061  -484923 1 0 -1 -0
h  10062  -491423 1 0 -1 -0
h  10153  -323078 1 0 -1 -0
h  10154  -350142 1 0 -1 -0
h  10155  -378653 1 0 -1 -0
h  10156  -388549 1 0 -1 -0
h  10165  -317265 1 0 -1 -0
h  10166  -435636 1 0 -1 -0
h  10167  -450915 1 0 -1 -0
h  10168  -361358 1 0 -1 -0
h  10169  -371340 1 0 -1 -0
h  10173  -444929 1 0 -1 -0
h  10174  -433379 1 0 -1 -0
h  10175  -363359 1 0 -1 -0
h  10176  -353427 1 0 -1 -0
h  10213  -320184 1 0 -1 -0
h  10214  -456991 1 0 -1 -0
h  10215  -441816 1 0 -1 -0
h  10216  -375218 1 0 -1 -0
h  10217  -365297 1 0 -1 -0
h  10238  -514818 1 0 -1 -0
h  10239  -507184 1 0 -1 -0
h  10240  -551759 1 0 -1 -0
h  10241  -542036 1 0 -1 -0
h  10259  -579978 1 0 -1 -0
h  10260  -426503 1 0 -1 -0
h  10261  -585494 1 0 -1 -0
h  10262  -435219 1 0 -1 -0
h  10286  -711755 1 0 -1 -0
h  10287  -749350 1 0 -1 -0
h  10288  -749874 1 0 -1 -0
h  10289  -740612 1 0 -1 -0
h  10290  -684816 1 0 -1 -0
h  10291  -681616 1 0 -1 -0
h  10292  -685916 1 0 -1 -0
h  10299  -599783 1 0 -1 -0
h  10300  -464889 1 0 -1 -0
h  10301  -596213 1 0 -1 -0
h  10302  -458835 1 0 -1 -0
h  10332  -551329 1 0 -1 -0
h  10333  -381357 1 0 -1 -0
h  10334  -561535 1 0 -1 -0
h  10335  -393818 1 0 -1 -0
h  10336  -581889 1 0 -1 -0
h  10337  -461014 1 0 -1 -0
h  10338  -587140 1 0 -1 -0
h  10339  -469932 1 0 -1 -0
h  10342  -388995 1 0 -1 -0
h  10379  -419840 1 0 -1 -0
h  10380  -482172 1 0 -1 -0
h  10381  -484045 1 0 -1 -0
h  10382  -364818 1 0 -1 -0
h  10383  -365960 1 0 -1 -0
h  10440  -635387 1 0 -1 -0
h  10441  -602549 1 0 -1 -0
h  10442  -624216 1 0 -1 -0
h  10524  -390607 1 0 -1 -0
h  10525  -323134 1 0 -1 -0
h  10526  -537816 1 0 -1 -0
h  10527  -475174 1 0 -1 -0
h  10528  -545601 1 0 -1 -0
h  10529  -544797 1 0 -1 -0
h  10578  -373807 1 0 -1 -0
h  10579  -357354 1 0 -1 -0
h  10580  -414461 1 0 -1 -0
h  10581  -421959 1 0 -1 -0
h  10583  -155833 1 0 -1 -0
h  10604  -517108 1 0 -1 -0
h  10605  -519731 1 0 -1 -0
h  10606  -454981 1 0 -1 -0
h  10607  -452748 1 0 -1 -0
h  10612  -365670 1 0 -1 -0
h  10616  -343247 1 0 -1 -0
h  10617  -386343 1 0 -1 -0
h  10618  -333033 1 0 -1 -0
h  10619  -356122 1 0 -1 -0
h  10620  -419804 1 0 -1 -0
h  10624  -575244 1 0 -1 -0
h  10625  -567619 1 0 -1 -0
h  10626  -471419 1 0 -1 -0
h  10627  -463260 1 0 -1 -0
h  10639  -340387 1 0 -1 -0
h  10640  -382455 1 0 -1 -0
h  10641  -330117 1 0 -1 -0
h  10642  -353310 1 0 -1 -0
h  10643  -416026 1 0 -1 -0
h  10675  -410721 1 0 -1 -0
h  10676  -418665 1 0 -1 -0
h  10677  -471061 1 0 -1 -0
h  10678  -473652 1 0 -1 -0
h  10705  -397353 1 0 -1 -0
h  10706  -379438 1 0 -1 -0
h  10707  -440636 1 0 -1 -0
h  10708  -445760 1 0 -1 -0
h  10766  -521643 1 0 -1 -0
h  10767  -520700 1 0 -1 -0
h  10768  -446988 1 0 -1 -0
h  10769  -444992 1 0 -1 -0
h  10775  -562801 1 0 -1 -0
h  10776  -571409 1 0 -1 -0
h  10777  -459617 1 0 -1 -0
h  10778  -467518 1 0 -1 -0
h  10907  -408104 1 0 -1 -0
h  10908  -401415 1 0 -1 -0
h  10909  -458663 1 0 -1 -0
h  10910  -462386 1 0 -1 -0
h  10937  -737294 1 0 -1 -0
h  10938  -738080 1 0 -1 -0
h  10953  -216409 1 0 -1 -0
h  10983  -303674 1 0 -1 -0
h  10984  -348785 1 0 -1 -0
h  10985  -294224 1 0 -1 -0
h  10986  -335332 1 0 -1 -0
h  11022  -586006 1 0 -1 -0
h  11023  -517990 1 0 -1 -0
h  11024  -582438 1 0 -1 -0
h  11025  -565802 1 0 -1 -0
h  11031  -434238 1 0 -1 -0
h  11032  -441321 1 0 -1 -0
h  11033  -433531 1 0 -1 -0
h  11034  -458388 1 0 -1 -0
h  11050  -479744 1 0 -1 -0
h  11051  -472168 1 0 -1 -0
h  11052  -396342 1 0 -1 -0
h  11053  -388760 1 0 -1 -0
h  11085  -239573 1 0 -1 -0
h  11086  -237336 1 0 -1 -0
h  11261  -540035 1 0 -1 -0
h  11262  -539485 1 0 -1 -0
h  11263  -613368 1 0 -1 -0
h  11264  -613280 1 0 -1 -0
h  11265  -616897 1 0 -1 -0
h  11282  -302257 1 0 -1 -0
h  11283  -269815 1 0 -1 -0
h  11284  -275638 1 0 -1 -0
h  11285  -309184 1 0 -1 -0
h  11337  -515410 1 0 -1 -0
h  11338  -512546 1 0 -1 -0
h  11339  -436965 1 0 -1 -0
h  11340  -433520 1 0 -1 -0
h  11363  -630157 1 0 -1 -0
h  11364  -584938 1 0 -1 -0
h  11365  -631383 1 0 -1 -0
h  11366  -594914 1 0 -1 -0
h  11485  -235714 1 0 -1 -0
h  11486  -233980 1 0 -1 -0
h  11487  -248022 1 0 -1 -0
h  11500  -469093 1 0 -1 -0
h  11501  -535874 1 0 -1 -0
h  11502  -519911 1 0 -1 -0
h  11503  -532925 1 0 -1 -0
h  11504  -484494 1 0 -1 -0
h  11505  -471867 1 0 -1 -0
h  11514  -501903 1 0 -1 -0
h  11515  -497038 1 0 -1 -0
h  11516  -420586 1 0 -1 -0
h  11517  -415246 1 0 -1 -0
h  11518  -534807 1 0 -1 -0
h  11519  -458665 1 0 -1 -0
h  11520  -456878 1 0 -1 -0
h  11521  -531602 1 0 -1 -0
h  11522  -536746 1 0 -1 -0
h  11643  -241600 1 0 -1 -0
h  11644  -253182 1 0 -1 -0
h  11645  -268604 1 0 -1 -0
h  11646  -274959 1 0 -1 -0
h  11711  -155574 1 0 -1 -0
h  11712  -155829 1 0 -1 -0
h  11797  -578729 1 0 -1 -0
h  11798  -612257 1 0 -1 -0
h  11799  -590825 1 0 -1 -0
h  11800  -619936 1 0 -1 -0
h  11801  -583213 1 0 -1 -0
h  11832  -271880 1 0 -1 -0
h  11833  -257212 1 0 -1 -0
h  11834  -299589 1 0 -1 -0
h  11835  -293534 1 0 -1 -0
h  12079  -457135 1 0 -1 -0
h  12080  -401382 1 0 -1 -0
h  12081  -420731 1 0 -1 -0
h  12082  -401858 1 0 -1 -0
h  12165  -276496 1 0 -1 -0
h  12166  -295217 1 0 -1 -0
h  12167  -287032 1 0 -1 -0
h  12168  -304155 1 0 -1 -0
h  12216  -444928 1 0 -1 -0
h  12217  -368598 1 0 -1 -0
h  12218  -417125 1 0 -1 -0
h  12219  -384210 1 0 -1 -0
h  12220  -447095 1 0 -1 -0
h  12258  -267378 1 0 -1 -0
h  12259  -289489 1 0 -1 -0
h  12260  -268564 1 0 -1 -0
h  12305  -221279 1 0 -1 -0
h  12306  -237196 1 0 -1 -0
h  12307  -241517 1 0 -1 -0
h  12308  -248081 1 0 -1 -0
h  12359  -222506 1 0 -1 -0
h  12360  -215056 1 0 -1 -0
h  12361  -212311 1 0 -1 -0
h  12395  -194342 1 0 -1 -0
h  12396  -197098 1 0 -1 -0
h  12397  -201604 1 0 -1 -0
h  12628  -209336 1 0 -1 -0
h  12629  -200630 1 0 -1 -0
h  12630  -217396 1 0 -1 -0
h  12631  -214317 1 0 -1 -0
h  12638  -266944 1 0 -1 -0
h  12639  -272749 1 0 -1 -0
h  12640  -255253 1 0 -1 -0
h  12641  -261226 1 0 -1 -0
h  12690  -450567 1 0 -1 -0
h  12691  -442259 1 0 -1 -0
h  12692  -378287 1 0 -1 -0
h  12693  -371944 1 0 -1 -0
h  12739  -368627 1 0 -1 -0
h  12740  -362756 1 0 -1 -0
h  12741  -319688 1 0 -1 -0
h  12742  -315518 1 0 -1 -0
h  12744  -255135 1 0 -1 -0
h  12745  -234485 1 0 -1 -0
h  12746  -239326 1 0 -1 -0
h  12747  -263515 1 0 -1 -0
h  12748  -445828 1 0 -1 -0
h  12749  -454097 1 0 -1 -0
h  12750  -374618 1 0 -1 -0
h  12751  -380885 1 0 -1 -0
h  12760  -275770 1 0 -1 -0
h  12761  -279807 1 0 -1 -0
h  12762  -321187 1 0 -1 -0
h  12763  -316242 1 0 -1 -0
h  12790  -299721 1 0 -1 -0
h  12791  -282965 1 0 -1 -0
h  12792  -339328 1 0 -1 -0
h  12793  -335129 1 0 -1 -0
h  12813  -360014 1 0 -1 -0
h  12814  -365935 1 0 -1 -0
h  12815  -313219 1 0 -1 -0
h  12816  -317490 1 0 -1 -0
h  12836  -191834 1 0 -1 -0
h  12837  -194334 1 0 -1 -0
h  12838  -198786 1 0 -1 -0
h  12845  -420406 1 0 -1 -0
h  12846  -453501 1 0 -1 -0
h  12847  -427190 1 0 -1 -0
h  12865  -328240 1 0 -1 -0
h  12866  -293466 1 0 -1 -0
h  12867  -282415 1 0 -1 -0
h  12868  -307876 1 0 -1 -0
h  12869  -346531 1 0 -1 -0
h  12870  -306433 1 0 -1 -0
h  12892  -154261 1 0 -1 -0
h  12913  -191813 1 0 -1 -0
h  12914  -185207 1 0 -1 -0
h  12915  -186559 1 0 -1 -0
h  12916  -196683 1 0 -1 -0
h  12917  -195301 1 0 -1 -0
h  12922  -323762 1 0 -1 -0
h  12923  -311796 1 0 -1 -0
h  12924  -343421 1 0 -1 -0
h  12925  -334889 1 0 -1 -0
h  13052  -211924 1 0 -1 -0
h  13053  -219292 1 0 -1 -0
h  13054  -209443 1 0 -1 -0
h  13113  -509055 1 0 -1 -0
h  13114  -506367 1 0 -1 -0
h  13123  -330855 1 0 -1 -0
h  13124  -300588 1 0 -1 -0
h  13125  -291149 1 0 -1 -0
h  13153  -363759 1 0 -1 -0
h  13154  -363305 1 0 -1 -0
h  13155  -309333 1 0 -1 -0
h  13156  -338268 1 0 -1 -0
h  13307  -299681 1 0 -1 -0
h  13308  -267351 1 0 -1 -0
h  13309  -273341 1 0 -1 -0
h  13310  -306757 1 0 -1 -0
h  13383  -500777 1 0 -1 -0
h  13384  -460102 1 0 -1 -0
h  13385  -451599 1 0 -1 -0
h  13417  -186661 1 0 -1 -0
h  13418  -184354 1 0 -1 -0
h  13419  -182448 1 0 -1 -0
h  13480  -233051 1 0 -1 -0
h  13481  -257763 1 0 -1 -0
h  13482  -236093 1 0 -1 -0
h  13483  -260119 1 0 -1 -0
h  13496  -534890 1 0 -1 -0
h  13497  -545297 1 0 -1 -0
h  13498  -434178 1 0 -1 -0
h  13499  -442837 1 0 -1 -0
h  13589  -433967 1 0 -1 -0
h  13590  -412604 1 0 -1 -0
h  13591  -405434 1 0 -1 -0
h  13653  -332704 1 0 -1 -0
h  13654  -296207 1 0 -1 -0
h  13655  -312706 1 0 -1 -0
h  13656  -284345 1 0 -1 -0
h  13657  -350616 1 0 -1 -0
h  13658  -309274 1 0 -1 -0
h  13747  -356359 1 0 -1 -0
h  13748  -357263 1 0 -1 -0
h  13749  -317820 1 0 -1 -0
h  13750  -310437 1 0 -1 -0
h  13751  -352635 1 0 -1 -0
h  13954  -273510 1 0 -1 -0
h  13955  -313633 1 0 -1 -0
h  13956  -313530 1 0 -1 -0
h  14103  -512673 1 0 -1 -0
h  14104  -430789 1 0 -1 -0
h  14105  -520298 1 0 -1 -0
h  14106  -519473 1 0 -1 -0
h  14107  -476411 1 0 -1 -0
h  14108  -469384 1 0 -1 -0
h  14109  -397912 1 0 -1 -0
h  14110  -392463 1 0 -1 -0
h  14150  -286189 1 0 -1 -0
h  14151  -259289 1 0 -1 -0
h  14152  -293549 1 0 -1 -0
h  14153  -265151 1 0 -1 -0
h  14176  -181796 1 0 -1 -0
h  14177  -184068 1 0 -1 -0
h  14178  -180077 1 0 -1 -0
h  14191  -205941 1 0 -1 -0
h  14192  -198517 1 0 -1 -0
h  14230  -415565 1 0 -1 -0
h  14231  -493270 1 0 -1 -0
h  14232  -501164 1 0 -1 -0
h  14233  -503663 1 0 -1 -0
h  14272  -359825 1 0 -1 -0
h  14273  -311755 1 0 -1 -0
h  14274  -154283 1 0 -1 -0
h  14275  -153983 1 0 -1 -0
h  14326  -174149 1 0 -1 -0
h  14327  -175461 1 0 -1 -0
h  14328  -176552 1 0 -1 -0
h  14395  -341096 1 0 -1 -0
h  14396  -297445 1 0 -1 -0
h  14397  -331700 1 0 -1 -0
h  14398  -290591 1 0 -1 -0
h  14432  -179464 1 0 -1 -0
h  14433  -175823 1 0 -1 -0
h  14434  -170641 1 0 -1 -0
h  14435  -172383 1 0 -1 -0
h  14506  -203805 1 0 -1 -0
h  14507  -203583 1 0 -1 -0
h  14508  -218448 1 0 -1 -0
h  14509  -220507 1 0 -1 -0
h  14510  -204469 1 0 -1 -0
h  14530  -283298 1 0 -1 -0
h  14531  -256528 1 0 -1 -0
h  14532  -290807 1 0 -1 -0
h  14533  -262548 1 0 -1 -0
h  14565  -366345 1 0 -1 -0
h  14566  -363104 1 0 -1 -0
h  14567  -316293 1 0 -1 -0
h  14568  -313562 1 0 -1 -0
h  14570  -155513 1 0 -1 -0
h  14571  -155469 1 0 -1 -0
h  14616  -245073 1 0 -1 -0
h  14617  -221045 1 0 -1 -0
h  14618  -220163 1 0 -1 -0
h  14619  -266391 1 0 -1 -0
h  14620  -266359 1 0 -1 -0
h  14627  -299055 1 0 -1 -0
h  14628  -336222 1 0 -1 -0
h  14639  -376259 1 0 -1 -0
h  14640  -374254 1 0 -1 -0
h  14641  -325205 1 0 -1 -0
h  14642  -323084 1 0 -1 -0
h  14706  -351483 1 0 -1 -0
h  14707  -347097 1 0 -1 -0
h  14708  -304659 1 0 -1 -0
h  14709  -301176 1 0 -1 -0
h  14741  -383887 1 0 -1 -0
h  14742  -325561 1 0 -1 -0
h  14743  -366516 1 0 -1 -0
h  14744  -322838 1 0 -1 -0
h  14745  -323183 1 0 -1 -0
h  14757  -323610 1 0 -1 -0
h  14758  -319385 1 0 -1 -0
h  14759  -284624 1 0 -1 -0
h  14760  -281911 1 0 -1 -0
h  14864  -374494 1 0 -1 -0
h  14865  -366766 1 0 -1 -0
h  14866  -391861 1 0 -1 -0
h  14867  -364014 1 0 -1 -0
h  14868  -430235 1 0 -1 -0
h  14869  -388416 1 0 -1 -0
h  14870  -386023 1 0 -1 -0
h  14969  -539514 1 0 -1 -0
h  14970  -529120 1 0 -1 -0
h  14971  -439230 1 0 -1 -0
h  14972  -430514 1 0 -1 -0
h  15012  -201723 1 0 -1 -0
h  15013  -218297 1 0 -1 -0
h  15014  -202484 1 0 -1 -0
h  15056  -168814 1 0 -1 -0
h  15057  -168144 1 0 -1 -0
h  15058  -171094 1 0 -1 -0
h  15059  -170590 1 0 -1 -0
h  15106  -165698 1 0 -1 -0
h  15107  -165076 1 0 -1 -0
h  15108  -165112 1 0 -1 -0
h  15213  -305386 1 0 -1 -0
h  15214  -302241 1 0 -1 -0
h  15215  -353248 1 0 -1 -0
h  15216  -350403 1 0 -1 -0
h  15242  -277114 1 0 -1 -0
h  15243  -288261 1 0 -1 -0
h  15244  -283400 1 0 -1 -0
h  15245  -294169 1 0 -1 -0
h  15346  -242471 1 0 -1 -0
h  15347  -244544 1 0 -1 -0
h  15397  -169206 1 0 -1 -0
h  15398  -169969 1 0 -1 -0
h  15399  -168002 1 0 -1 -0
h  15404  -290363 1 0 -1 -0
h  15405  -286271 1 0 -1 -0
h  15406  -331891 1 0 -1 -0
h  15407  -326505 1 0 -1 -0
h  15414  -435387 1 0 -1 -0
h  15415  -431959 1 0 -1 -0
h  15416  -429937 1 0 -1 -0
h  15417  -427213 1 0 -1 -0
h  15647  -274415 1 0 -1 -0
h  15648  -267267 1 0 -1 -0
h  15649  -254011 1 0 -1 -0
h  15650  -249930 1 0 -1 -0
h  15665  -268155 1 0 -1 -0
h  15666  -305838 1 0 -1 -0
h  15667  -267383 1 0 -1 -0
h  15668  -308873 1 0 -1 -0
h  15669  -307891 1 0 -1 -0
h  15670  -270004 1 0 -1 -0
h  15671  -292534 1 0 -1 -0
h  15690  -333445 1 0 -1 -0
h  15691  -329583 1 0 -1 -0
h  15692  -388901 1 0 -1 -0
h  15693  -383251 1 0 -1 -0
h  15998  -164892 1 0 -1 -0
h  15999  -164330 1 0 -1 -0
h  16000  -164776 1 0 -1 -0
h  16001  -164208 1 0 -1 -0
h  16059  -271221 1 0 -1 -0
h  16060  -274720 1 0 -1 -0
h  16061  -272433 1 0 -1 -0
h  16062  -276151 1 0 -1 -0
h  16063  -381839 1 0 -1 -0
h  16064  -446776 1 0 -1 -0
h  16065  -380734 1 0 -1 -0
h  16066  -444863 1 0 -1 -0
h  16147  -241646 1 0 -1 -0
h  16148  -237445 1 0 -1 -0
h  16149  -266613 1 0 -1 -0
h  16150  -265598 1 0 -1 -0
h  16159  -353290 1 0 -1 -0
h  16160  -358275 1 0 -1 -0
h  16161  -357748 1 0 -1 -0
h  16203  -239543 1 0 -1 -0
h  16204  -247450 1 0 -1 -0
h  16205  -242901 1 0 -1 -0
h  16206  -250688 1 0 -1 -0
h  16256  -222260 1 0 -1 -0
h  16257  -219006 1 0 -1 -0
h  16258  -210392 1 0 -1 -0
h  16259  -208728 1 0 -1 -0
h  16260  -334942 1 0 -1 -0
h  16261  -331822 1 0 -1 -0
h  16262  -379091 1 0 -1 -0
h  16263  -379218 1 0 -1 -0
h  16264  -219864 1 0 -1 -0
h  16265  -224535 1 0 -1 -0
h  16266  -238897 1 0 -1 -0
h  16267  -241485 1 0 -1 -0
h  16288  -179730 1 0 -1 -0
h  16289  -175842 1 0 -1 -0
h  16348  -321488 1 0 -1 -0
h  16349  -325535 1 0 -1 -0
h  16350  -284006 1 0 -1 -0
h  16351  -286724 1 0 -1 -0
h  16502  -265992 1 0 -1 -0
h  16503  -245486 1 0 -1 -0
h  16504  -240559 1 0 -1 -0
h  16505  -256344 1 0 -1 -0
h  16506  -274106 1 0 -1 -0
h  16507  -251474 1 0 -1 -0
h  16520  -224483 1 0 -1 -0
h  16521  -226140 1 0 -1 -0
h  16522  -247614 1 0 -1 -0
h  16523  -249943 1 0 -1 -0
h  16676  -435841 1 0 -1 -0
h  16677  -372143 1 0 -1 -0
h  16678  -438602 1 0 -1 -0
h  16679  -374870 1 0 -1 -0
h  16685  -269340 1 0 -1 -0
h  16686  -248526 1 0 -1 -0
h  16687  -259768 1 0 -1 -0
h  16688  -243745 1 0 -1 -0
h  16689  -254365 1 0 -1 -0
h  16690  -277210 1 0 -1 -0
h  16691  -236357 1 0 -1 -0
h  16692  -225720 1 0 -1 -0
h  16693  -256479 1 0 -1 -0
h  16694  -258381 1 0 -1 -0
h  16695  -245831 1 0 -1 -0
h  16696  -226041 1 0 -1 -0
h  16697  -228395 1 0 -1 -0
h  16698  -249009 1 0 -1 -0
h  16792  -161839 1 0 -1 -0
h  16793  -161583 1 0 -1 -0
h  16794  -161409 1 0 -1 -0
h  16795  -161174 1 0 -1 -0
h  16803  -358247 1 0 -1 -0
h  16804  -421268 1 0 -1 -0
h  16805  -362288 1 0 -1 -0
h  16806  -425621 1 0 -1 -0
h  16838  -472872 1 0 -1 -0
h  16839  -394904 1 0 -1 -0
h  16840  -400628 1 0 -1 -0
h  16880  -165894 1 0 -1 -0
h  16881  -167853 1 0 -1 -0
h  16882  -167027 1 0 -1 -0
h  16963  -228197 1 0 -1 -0
h  16964  -252922 1 0 -1 -0
h  16965  -231482 1 0 -1 -0
h  16974  -196852 1 0 -1 -0
h  16975  -192576 1 0 -1 -0
h  17004  -432491 1 0 -1 -0
h  17005  -368456 1 0 -1 -0
h  17006  -438406 1 0 -1 -0
h  17007  -438178 1 0 -1 -0
h  17008  -363611 1 0 -1 -0
h  17009  -364999 1 0 -1 -0
h  17014  -182856 1 0 -1 -0
h  17015  -181864 1 0 -1 -0
h  17147  -161668 1 0 -1 -0
h  17148  -162165 1 0 -1 -0
h  17149  -161503 1 0 -1 -0
h  17150  -162002 1 0 -1 -0
h  17176  -405645 1 0 -1 -0
h  17177  -344708 1 0 -1 -0
h  17178  -399405 1 0 -1 -0
h  17179  -339380 1 0 -1 -0
h  17210  -501674 1 0 -1 -0
h  17211  -530867 1 0 -1 -0
h  17212  -510415 1 0 -1 -0
h  17262  -451288 1 0 -1 -0
h  17263  -451906 1 0 -1 -0
h  17264  -419829 1 0 -1 -0
h  17304  -404253 1 0 -1 -0
h  17305  -350108 1 0 -1 -0
h  17306  -413882 1 0 -1 -0
h  17307  -412164 1 0 -1 -0
h  17308  -345145 1 0 -1 -0
h  17309  -341295 1 0 -1 -0
h  17369  -308456 1 0 -1 -0
h  17370  -302398 1 0 -1 -0
h  17371  -274011 1 0 -1 -0
h  17372  -269456 1 0 -1 -0
h  17465  -400238 1 0 -1 -0
h  17466  -345581 1 0 -1 -0
h  17467  -342537 1 0 -1 -0
h  17468  -409935 1 0 -1 -0
h  17469  -406474 1 0 -1 -0
h  17487  -162425 1 0 -1 -0
h  17488  -162847 1 0 -1 -0
h  17489  -162366 1 0 -1 -0
h  17490  -162795 1 0 -1 -0
h  17495  -232337 1 0 -1 -0
h  17496  -234393 1 0 -1 -0
h  17497  -226590 1 0 -1 -0
h  17498  -229238 1 0 -1 -0
h  17541  -161010 1 0 -1 -0
h  17542  -163550 1 0 -1 -0
h  17543  -164918 1 0 -1 -0
h  17689  -277733 1 0 -1 -0
h  17690  -278971 1 0 -1 -0
h  17691  -251881 1 0 -1 -0
h  17692  -250870 1 0 -1 -0
h  17693  -197616 1 0 -1 -0
h  17694  -198098 1 0 -1 -0
h  17695  -209769 1 0 -1 -0
h  17696  -208633 1 0 -1 -0
h  17697  -189163 1 0 -1 -0
h  17698  -189598 1 0 -1 -0
h  17742  -271084 1 0 -1 -0
h  17743  -242849 1 0 -1 -0
h  17787  -491633 1 0 -1 -0
h  17788  -473522 1 0 -1 -0
h  17789  -471263 1 0 -1 -0
h  17790  -502342 1 0 -1 -0
h  17791  -492596 1 0 -1 -0
h  17792  -583260 1 0 -1 -0
h  17793  -579699 1 0 -1 -0
h  17794  -536494 1 0 -1 -0
h  17795  -525993 1 0 -1 -0
h  17796  -534353 1 0 -1 -0
h  17797  -562039 1 0 -1 -0
h  17798  -548729 1 0 -1 -0
h  17799  -560385 1 0 -1 -0
h  17800  -543634 1 0 -1 -0
h  17801  -613294 1 0 -1 -0
h  17802  -613298 1 0 -1 -0
h  17803  -563696 1 0 -1 -0
h  17804  -562731 1 0 -1 -0
h  17809  -159892 1 0 -1 -0
h  17810  -159713 1 0 -1 -0
h  17811  -159593 1 0 -1 -0
h  17812  -159432 1 0 -1 -0
h  17830  -270319 1 0 -1 -0
h  17831  -242986 1 0 -1 -0
h  17832  -271903 1 0 -1 -0
h  17833  -272061 1 0 -1 -0
h  17887  -171941 1 0 -1 -0
h  17888  -169242 1 0 -1 -0
h  17894  -515293 1 0 -1 -0
h  17895  -523685 1 0 -1 -0
h  17896  -539069 1 0 -1 -0
h  17897  -545211 1 0 -1 -0
h  17898  -515454 1 0 -1 -0
h  17919  -159855 1 0 -1 -0
h  17920  -159665 1 0 -1 -0
h  17921  -159470 1 0 -1 -0
h  17922  -159315 1 0 -1 -0
h  17927  -201057 1 0 -1 -0
h  17928  -215688 1 0 -1 -0
h  17929  -202276 1 0 -1 -0
h  17930  -192464 1 0 -1 -0
h  17931  -191990 1 0 -1 -0
h  17932  -201227 1 0 -1 -0
h  17933  -199542 1 0 -1 -0
h  17985  -305062 1 0 -1 -0
h  17986  -298468 1 0 -1 -0
h  17987  -315373 1 0 -1 -0
h  17988  -309479 1 0 -1 -0
h  18048  -207907 1 0 -1 -0
h  18049  -225029 1 0 -1 -0
h  18050  -225466 1 0 -1 -0
h  18151  -336526 1 0 -1 -0
h  18152  -337668 1 0 -1 -0
h  18153  -360973 1 0 -1 -0
h  18154  -361302 1 0 -1 -0
h  18170  -335832 1 0 -1 -0
h  18171  -276405 1 0 -1 -0
h  18172  -338939 1 0 -1 -0
h  18173  -275511 1 0 -1 -0
h  18174  -160528 1 0 -1 -0
h  18175  -161518 1 0 -1 -0
h  18176  -161138 1 0 -1 -0
h  18312  -183699 1 0 -1 -0
h  18313  -189006 1 0 -1 -0
h  18314  -189090 1 0 -1 -0
h  18384  -377892 1 0 -1 -0
h  18385  -359558 1 0 -1 -0
h  18386  -381648 1 0 -1 -0
h  18387  -355195 1 0 -1 -0
h  18412  -207476 1 0 -1 -0
h  18413  -203150 1 0 -1 -0
h  18414  -220876 1 0 -1 -0
h  18415  -221697 1 0 -1 -0
h  18450  -253460 1 0 -1 -0
h  18451  -257157 1 0 -1 -0
h  18452  -260984 1 0 -1 -0
h  18453  -264422 1 0 -1 -0
h  18506  -154024 1 0 -1 -0
h  18507  -154134 1 0 -1 -0
h  18508  -154092 1 0 -1 -0
h  18509  -153966 1 0 -1 -0
h  18510  -154016 1 0 -1 -0
h  18512  -153916 1 0 -1 -0
h  18513  -154011 1 0 -1 -0
h  18549  -235832 1 0 -1 -0
h  18550  -219207 1 0 -1 -0
h  18555  -238557 1 0 -1 -0
h  18556  -221649 1 0 -1 -0
h  18557  -241923 1 0 -1 -0
h  18558  -224070 1 0 -1 -0
h  18694  -247857 1 0 -1 -0
h  18695  -248584 1 0 -1 -0
h  18696  -278406 1 0 -1 -0
h  18697  -279154 1 0 -1 -0
h  18742  -316230 1 0 -1 -0
h  18743  -369258 1 0 -1 -0
h  18744  -322599 1 0 -1 -0
h  18745  -377471 1 0 -1 -0
h  18798  -327713 1 0 -1 -0
h  18799  -331580 1 0 -1 -0
h  18800  -380694 1 0 -1 -0
h  18801  -386359 1 0 -1 -0
h  18961  -211258 1 0 -1 -0
h  18962  -218075 1 0 -1 -0
h  18963  -204654 1 0 -1 -0
h  18964  -203383 1 0 -1 -0
h  18965  -227407 1 0 -1 -0
h  18966  -230168 1 0 -1 -0
h  19068  -278688 1 0 -1 -0
h  19069  -281381 1 0 -1 -0
h  19070  -251722 1 0 -1 -0
h  19071  -253310 1 0 -1 -0
h  19110  -167848 1 0 -1 -0
h  19111  -167971 1 0 -1 -0
h  19112  -167841 1 0 -1 -0
h  19121  -174140 1 0 -1 -0
h  19122  -171917 1 0 -1 -0
h  19123  -173058 1 0 -1 -0
h  19158  -202788 1 0 -1 -0
h  19159  -198771 1 0 -1 -0
h  19160  -212976 1 0 -1 -0
h  19161  -213798 1 0 -1 -0
h  19162  -511958 1 0 -1 -0
h  19163  -511780 1 0 -1 -0
h  19164  -453460 1 0 -1 -0
h  19165  -455885 1 0 -1 -0
h  19166  -159125 1 0 -1 -0
h  19167  -163182 1 0 -1 -0
h  19168  -161160 1 0 -1 -0
h  19323  -159411 1 0 -1 -0
h  19324  -159727 1 0 -1 -0
h  19325  -159221 1 0 -1 -0
h  19326  -159523 1 0 -1 -0
h  19674  -186198 1 0 -1 -0
h  19675  -185493 1 0 -1 -0
h  19676  -180179 1 0 -1 -0
h  19677  -180231 1 0 -1 -0
h  19682  -172796 1 0 -1 -0
h  19683  -186900 1 0 -1 -0
h  19684  -186591 1 0 -1 -0
h  19692  -272761 1 0 -1 -0
h  19693  -274367 1 0 -1 -0
h  19694  -244043 1 0 -1 -0
h  19695  -245184 1 0 -1 -0
h  19810  -305735 1 0 -1 -0
h  19811  -270200 1 0 -1 -0
h  19812  -308074 1 0 -1 -0
h  19813  -309402 1 0 -1 -0
h  19861  -158193 1 0 -1 -0
h  19862  -158028 1 0 -1 -0
h  19863  -157976 1 0 -1 -0
h  19864  -157830 1 0 -1 -0
h  19924  -208889 1 0 -1 -0
h  19925  -197761 1 0 -1 -0
h  19963  -214477 1 0 -1 -0
h  19964  -227763 1 0 -1 -0
h  19965  -231575 1 0 -1 -0
h  19966  -217019 1 0 -1 -0
h  19967  -212435 1 0 -1 -0
h  19968  -223118 1 0 -1 -0
h  20023  -198787 1 0 -1 -0
h  20024  -198361 1 0 -1 -0
h  20025  -210405 1 0 -1 -0
h  20026  -209539 1 0 -1 -0
h  20051  -217162 1 0 -1 -0
h  20052  -230699 1 0 -1 -0
h  20053  -219586 1 0 -1 -0
h  20054  -234405 1 0 -1 -0
h  20055  -226172 1 0 -1 -0
h  20056  -215231 1 0 -1 -0
h  20255  -170298 1 0 -1 -0
h  20256  -167817 1 0 -1 -0
h  20257  -167066 1 0 -1 -0
h  20258  -173344 1 0 -1 -0
h  20259  -173486 1 0 -1 -0
h  20397  -157865 1 0 -1 -0
h  20398  -157663 1 0 -1 -0
h  20399  -157735 1 0 -1 -0
h  20400  -157551 1 0 -1 -0
h  20501  -156804 1 0 -1 -0
h  20502  -158077 1 0 -1 -0
h  20503  -161675 1 0 -1 -0
h  20586  -230865 1 0 -1 -0
h  20587  -229712 1 0 -1 -0
h  20588  -215079 1 0 -1 -0
h  20589  -214441 1 0 -1 -0
h  20711  -199312 1 0 -1 -0
h  20712  -210980 1 0 -1 -0
h  20713  -212181 1 0 -1 -0
h  20714  -200799 1 0 -1 -0
h  20719  -158185 1 0 -1 -0
h  20720  -157932 1 0 -1 -0
h  20721  -158017 1 0 -1 -0
h  20722  -157775 1 0 -1 -0
h  20802  -219373 1 0 -1 -0
h  20803  -219705 1 0 -1 -0
h  20804  -240573 1 0 -1 -0
h  20805  -242084 1 0 -1 -0
h  20806  -241441 1 0 -1 -0
h  20860  -243328 1 0 -1 -0
h  20902  -486515 1 0 -1 -0
h  20903  -473369 1 0 -1 -0
h  20904  -493449 1 0 -1 -0
h  20905  -452295 1 0 -1 -0
h  20906  -456666 1 0 -1 -0
h  20922  -175927 1 0 -1 -0
h  20923  -175718 1 0 -1 -0
h  20924  -171679 1 0 -1 -0
h  20925  -171983 1 0 -1 -0
h  20993  -156426 1 0 -1 -0
h  20994  -156334 1 0 -1 -0
h  20995  -156309 1 0 -1 -0
h  20996  -156226 1 0 -1 -0
h  21014  -226274 1 0 -1 -0
h  21015  -229279 1 0 -1 -0
h  21016  -246779 1 0 -1 -0
h  21027  -240191 1 0 -1 -0
h  21028  -238641 1 0 -1 -0
h  21029  -266689 1 0 -1 -0
h  21030  -264568 1 0 -1 -0
h  21263  -157056 1 0 -1 -0
h  21264  -156921 1 0 -1 -0
h  21265  -156859 1 0 -1 -0
h  21266  -156737 1 0 -1 -0
h  21400  -158031 1 0 -1 -0
h  21401  -158513 1 0 -1 -0
h  21402  -157645 1 0 -1 -0
h  21403  -158159 1 0 -1 -0
h  21422  -184975 1 0 -1 -0
h  21423  -182921 1 0 -1 -0
h  21424  -193139 1 0 -1 -0
h  21425  -193114 1 0 -1 -0
h  21581  -454204 1 0 -1 -0
h  21582  -380061 1 0 -1 -0
h  21583  -455800 1 0 -1 -0
h  21584  -380311 1 0 -1 -0
h  21585  -301607 1 0 -1 -0
h  21586  -268121 1 0 -1 -0
h  21587  -269349 1 0 -1 -0
h  21588  -307622 1 0 -1 -0
h  21589  -305070 1 0 -1 -0
h  21659  -172066 1 0 -1 -0
h  21660  -172895 1 0 -1 -0
h  21661  -173888 1 0 -1 -0
h  21662  -177350 1 0 -1 -0
h  21663  -177305 1 0 -1 -0
h  21668  -279257 1 0 -1 -0
h  21669  -276487 1 0 -1 -0
h  21670  -251051 1 0 -1 -0
h  21671  -249341 1 0 -1 -0
h  21727  -501619 1 0 -1 -0
h  21728  -488498 1 0 -1 -0
h  21729  -406284 1 0 -1 -0
h  21730  -397110 1 0 -1 -0
h  21810  -312672 1 0 -1 -0
h  21811  -274438 1 0 -1 -0
h  21812  -273153 1 0 -1 -0
h  21813  -272428 1 0 -1 -0
h  21831  -417954 1 0 -1 -0
h  21832  -358471 1 0 -1 -0
h  21833  -355765 1 0 -1 -0
h  21834  -423453 1 0 -1 -0
h  21835  -425597 1 0 -1 -0
h  21844  -493026 1 0 -1 -0
h  21845  -506019 1 0 -1 -0
h  21846  -401159 1 0 -1 -0
h  21847  -410313 1 0 -1 -0
h  21870  -166479 1 0 -1 -0
h  21871  -161354 1 0 -1 -0
h  21872  -166488 1 0 -1 -0
h  21873  -166137 1 0 -1 -0
h  21951  -310164 1 0 -1 -0
h  21952  -331453 1 0 -1 -0
h  21953  -333126 1 0 -1 -0
h  21954  -309697 1 0 -1 -0
h  22053  -275115 1 0 -1 -0
h  22054  -244937 1 0 -1 -0
h  22055  -276752 1 0 -1 -0
h  22056  -276678 1 0 -1 -0
h  22057  -244374 1 0 -1 -0
h  22058  -243986 1 0 -1 -0
h  22251  -265134 1 0 -1 -0
h  22252  -263650 1 0 -1 -0
h  22253  -298630 1 0 -1 -0
h  22254  -296440 1 0 -1 -0
h  22425  -156537 1 0 -1 -0
h  22426  -155802 1 0 -1 -0
h  22427  -156689 1 0 -1 -0
h  22428  -156758 1 0 -1 -0
h  22433  -165538 1 0 -1 -0
h  22434  -166933 1 0 -1 -0
h  22435  -165609 1 0 -1 -0
h  22436  -167497 1 0 -1 -0
h  22518  -159326 1 0 -1 -0
h  22519  -159522 1 0 -1 -0
h  22520  -161568 1 0 -1 -0
h  22521  -161375 1 0 -1 -0
h  22679  -369748 1 0 -1 -0
h  22680  -315062 1 0 -1 -0
h  22681  -315017 1 0 -1 -0
h  22682  -372791 1 0 -1 -0
h  22683  -373689 1 0 -1 -0
h  22688  -314817 1 0 -1 -0
h  22689  -299668 1 0 -1 -0
h  22690  -319116 1 0 -1 -0
h  22691  -304578 1 0 -1 -0
h  22739  -183429 1 0 -1 -0
h  22740  -185123 1 0 -1 -0
h  22741  -192411 1 0 -1 -0
h  22742  -192589 1 0 -1 -0
h  22788  -173432 1 0 -1 -0
h  22789  -172854 1 0 -1 -0
h  22790  -172288 1 0 -1 -0
h  22791  -172123 1 0 -1 -0
h  22792  -173780 1 0 -1 -0
h  22799  -544940 1 0 -1 -0
h  22800  -536040 1 0 -1 -0
h  22801  -504324 1 0 -1 -0
h  22802  -546477 1 0 -1 -0
h  22803  -503301 1 0 -1 -0
h  22936  -306824 1 0 -1 -0
h  22937  -267386 1 0 -1 -0
h  22938  -267053 1 0 -1 -0
h  22939  -364680 1 0 -1 -0
h  22940  -362369 1 0 -1 -0
h  22990  -220006 1 0 -1 -0
h  22991  -220070 1 0 -1 -0
h  22992  -220530 1 0 -1 -0
h  22993  -220531 1 0 -1 -0
h  23039  -243281 1 0 -1 -0
h  23040  -223872 1 0 -1 -0
h  23041  -226288 1 0 -1 -0
h  23042  -246520 1 0 -1 -0
h  23043  -221758 1 0 -1 -0
h  23044  -239280 1 0 -1 -0
h  23250  -172852 1 0 -1 -0
h  23251  -170196 1 0 -1 -0
h  23252  -177432 1 0 -1 -0
h  23253  -177256 1 0 -1 -0
h  23258  -257180 1 0 -1 -0
h  23259  -254743 1 0 -1 -0
h  23260  -233569 1 0 -1 -0
h  23261  -231531 1 0 -1 -0
h  23262  -265940 1 0 -1 -0
h  23263  -239864 1 0 -1 -0
h  23264  -268702 1 0 -1 -0
h  23265  -267611 1 0 -1 -0
h  23270  -160986 1 0 -1 -0
h  23271  -165941 1 0 -1 -0
h  23272  -165046 1 0 -1 -0
h  23273  -165552 1 0 -1 -0
h  23274  -161305 1 0 -1 -0
h  23275  -161467 1 0 -1 -0
h  23329  -241679 1 0 -1 -0
h  23330  -236243 1 0 -1 -0
h  23331  -243891 1 0 -1 -0
h  23332  -238247 1 0 -1 -0
h  23353  -237058 1 0 -1 -0
h  23354  -217375 1 0 -1 -0
h  23355  -217765 1 0 -1 -0
h  23356  -238051 1 0 -1 -0
h  23357  -238961 1 0 -1 -0
h  23364  -169146 1 0 -1 -0
h  23365  -169108 1 0 -1 -0
h  23366  -165561 1 0 -1 -0
h  23367  -166014 1 0 -1 -0
h  23434  -206801 1 0 -1 -0
h  23435  -191925 1 0 -1 -0
h  23436  -208161 1 0 -1 -0
h  23437  -191073 1 0 -1 -0
h  23440  -162271 1 0 -1 -0
h  23441  -158879 1 0 -1 -0
h  23486  -243848 1 0 -1 -0
h  23487  -221335 1 0 -1 -0
h  23488  -221255 1 0 -1 -0
h  23489  -245489 1 0 -1 -0
h  23490  -244945 1 0 -1 -0
h  23500  -232212 1 0 -1 -0
h  23501  -235351 1 0 -1 -0
h  23502  -214676 1 0 -1 -0
h  23503  -216277 1 0 -1 -0
h  23704  -173999 1 0 -1 -0
h  23705  -172772 1 0 -1 -0
h  23706  -173757 1 0 -1 -0
h  23767  -281157 1 0 -1 -0
h  23768  -327051 1 0 -1 -0
h  23769  -280991 1 0 -1 -0
h  23770  -325083 1 0 -1 -0
h  23780  -221996 1 0 -1 -0
h  23781  -204302 1 0 -1 -0
h  23782  -222411 1 0 -1 -0
h  23783  -222265 1 0 -1 -0
h  23892  -256416 1 0 -1 -0
h  23893  -252467 1 0 -1 -0
h  23894  -282280 1 0 -1 -0
h  23895  -267137 1 0 -1 -0
h  23896  -275227 1 0 -1 -0
h  23897  -270003 1 0 -1 -0
h  23898  -278039 1 0 -1 -0
h  23961  -204941 1 0 -1 -0
h  23962  -204935 1 0 -1 -0
h  23963  -221474 1 0 -1 -0
h  23964  -221641 1 0 -1 -0
h  23965  -221694 1 0 -1 -0
h  24231  -172007 1 0 -1 -0
h  24232  -172528 1 0 -1 -0
h  24233  -172352 1 0 -1 -0
h  24234  -186663 1 0 -1 -0
h  24235  -186745 1 0 -1 -0
h  24270  -203379 1 0 -1 -0
h  24271  -211721 1 0 -1 -0
h  24272  -205350 1 0 -1 -0
h  24273  -213142 1 0 -1 -0
h  24401  -155338 1 0 -1 -0
h  24402  -155403 1 0 -1 -0
h  24403  -155297 1 0 -1 -0
h  24404  -155350 1 0 -1 -0
h  24461  -351287 1 0 -1 -0
h  24462  -377079 1 0 -1 -0
h  24463  -359208 1 0 -1 -0
h  24464  -380590 1 0 -1 -0
h  24528  -156412 1 0 -1 -0
h  24529  -156128 1 0 -1 -0
h  24530  -156732 1 0 -1 -0
h  24531  -156558 1 0 -1 -0
h  24552  -245354 1 0 -1 -0
h  24553  -221671 1 0 -1 -0
h  24554  -246127 1 0 -1 -0
h  24555  -246169 1 0 -1 -0
h  24602  -252936 1 0 -1 -0
h  24603  -281134 1 0 -1 -0
h  24604  -250218 1 0 -1 -0
h  24605  -277249 1 0 -1 -0
h  24682  -202491 1 0 -1 -0
h  24683  -193636 1 0 -1 -0
h  24684  -192978 1 0 -1 -0
h  24685  -200419 1 0 -1 -0
h  24691  -271313 1 0 -1 -0
h  24692  -270420 1 0 -1 -0
h  24693  -288365 1 0 -1 -0
h  24809  -182433 1 0 -1 -0
h  24810  -181962 1 0 -1 -0
h  24811  -177081 1 0 -1 -0
h  24812  -177050 1 0 -1 -0
h  24813  -188853 1 0 -1 -0
h  24814  -189133 1 0 -1 -0
h  24841  -277084 1 0 -1 -0
h  24842  -316809 1 0 -1 -0
h  24843  -278537 1 0 -1 -0
h  24844  -318971 1 0 -1 -0
h  24893  -155245 1 0 -1 -0
h  24894  -154539 1 0 -1 -0
h  24895  -155226 1 0 -1 -0
h  25000  -247923 1 0 -1 -0
h  25001  -245705 1 0 -1 -0
h  25129  -204998 1 0 -1 -0
h  25130  -195895 1 0 -1 -0
h  25131  -203054 1 0 -1 -0
h  25132  -195384 1 0 -1 -0
h  25160  -155482 1 0 -1 -0
h  25161  -155356 1 0 -1 -0
h  25162  -155804 1 0 -1 -0
h  25163  -155754 1 0 -1 -0
h  25164  -292815 1 0 -1 -0
h  25165  -260539 1 0 -1 -0
h  25166  -296253 1 0 -1 -0
h  25167  -263090 1 0 -1 -0
h  25205  -186525 1 0 -1 -0
h  25206  -184427 1 0 -1 -0
h  25207  -183498 1 0 -1 -0
h  25304  -205140 1 0 -1 -0
h  25305  -203631 1 0 -1 -0
h  25306  -224362 1 0 -1 -0
h  25307  -224693 1 0 -1 -0
h  25576  -182502 1 0 -1 -0
h  25577  -182892 1 0 -1 -0
h  25578  -190061 1 0 -1 -0
h  25579  -190173 1 0 -1 -0
h  25580  -172172 1 0 -1 -0
h  25581  -172581 1 0 -1 -0
h  25582  -172510 1 0 -1 -0
h  25583  -184393 1 0 -1 -0
h  25584  -184242 1 0 -1 -0
h  25585  -184616 1 0 -1 -0
h  25586  -184090 1 0 -1 -0
h  25587  -182685 1 0 -1 -0
h  25592  -187129 1 0 -1 -0
h  25593  -192708 1 0 -1 -0
h  25594  -187959 1 0 -1 -0
h  25595  -192933 1 0 -1 -0
h  25642  -271936 1 0 -1 -0
h  25643  -309028 1 0 -1 -0
h  25644  -269819 1 0 -1 -0
h  25645  -306190 1 0 -1 -0
h  25654  -183410 1 0 -1 -0
h  25655  -174225 1 0 -1 -0
h  25656  -183892 1 0 -1 -0
h  25657  -174622 1 0 -1 -0
h  25713  -224567 1 0 -1 -0
h  25714  -224119 1 0 -1 -0
h  25715  -200506 1 0 -1 -0
h  25716  -200117 1 0 -1 -0
h  25751  -154412 1 0 -1 -0
h  25752  -154349 1 0 -1 -0
h  25753  -154541 1 0 -1 -0
h  25754  -154587 1 0 -1 -0
h  25755  -154663 1 0 -1 -0
h  25756  -154600 1 0 -1 -0
h  25808  -156366 1 0 -1 -0
h  25809  -157047 1 0 -1 -0
h  25810  -157154 1 0 -1 -0
h  25824  -161120 1 0 -1 -0
h  25825  -160778 1 0 -1 -0
h  25826  -161660 1 0 -1 -0
h  25827  -161325 1 0 -1 -0
h  25828  -168622 1 0 -1 -0
h  25829  -168851 1 0 -1 -0
h  25830  -168223 1 0 -1 -0
h  25831  -168380 1 0 -1 -0
h  25862  -176239 1 0 -1 -0
h  25863  -180071 1 0 -1 -0
h  25864  -176509 1 0 -1 -0
h  25865  -179896 1 0 -1 -0
h  26007  -186747 1 0 -1 -0
h  26008  -184678 1 0 -1 -0
h  26009  -186134 1 0 -1 -0
h  26062  -155003 1 0 -1 -0
h  26063  -154931 1 0 -1 -0
h  26064  -155274 1 0 -1 -0
h  26065  -155240 1 0 -1 -0
h  26164  -308338 1 0 -1 -0
h  26165  -308458 1 0 -1 -0
h  26166  -287635 1 0 -1 -0
h  26167  -286920 1 0 -1 -0
h  26168  -222277 1 0 -1 -0
h  26169  -221669 1 0 -1 -0
h  26170  -199294 1 0 -1 -0
h  26171  -199013 1 0 -1 -0
h  26218  -244529 1 0 -1 -0
h  26219  -246985 1 0 -1 -0
h  26220  -222036 1 0 -1 -0
h  26221  -224406 1 0 -1 -0
h  26329  -159132 1 0 -1 -0
h  26330  -157929 1 0 -1 -0
h  26331  -158248 1 0 -1 -0
h  26332  -159754 1 0 -1 -0
h  26333  -159807 1 0 -1 -0
h  26393  -154102 1 0 -1 -0
h  26394  -154192 1 0 -1 -0
h  26395  -154329 1 0 -1 -0
h  26396  -154358 1 0 -1 -0
h  26397  -154415 1 0 -1 -0
h  26398  -154469 1 0 -1 -0
h  26399  -154444 1 0 -1 -0
h  26500  -155916 1 0 -1 -0
h  26501  -155899 1 0 -1 -0
h  26502  -154968 1 0 -1 -0
h  26503  -169391 1 0 -1 -0
h  26504  -169522 1 0 -1 -0
h  26505  -169174 1 0 -1 -0
h  26506  -171383 1 0 -1 -0
h  26507  -169159 1 0 -1 -0
h  26508  -171026 1 0 -1 -0
h  26557  -414658 1 0 -1 -0
h  26558  -433456 1 0 -1 -0
h  26559  -417688 1 0 -1 -0
h  26560  -419837 1 0 -1 -0
h  26561  -438933 1 0 -1 -0
h  26577  -167866 1 0 -1 -0
h  26578  -167499 1 0 -1 -0
h  26579  -168370 1 0 -1 -0
h  26580  -168021 1 0 -1 -0
h  26581  -155247 1 0 -1 -0
h  26582  -155161 1 0 -1 -0
h  26583  -155267 1 0 -1 -0
h  26624  -154232 1 0 -1 -0
h  26625  -154379 1 0 -1 -0
h  26626  -154526 1 0 -1 -0
h  26627  -154565 1 0 -1 -0
h  26713  -186428 1 0 -1 -0
h  26714  -185260 1 0 -1 -0
h  26715  -189224 1 0 -1 -0
h  26716  -183482 1 0 -1 -0
h  26717  -204937 1 0 -1 -0
h  26718  -187851 1 0 -1 -0
h  26719  -188200 1 0 -1 -0
h  26720  -204680 1 0 -1 -0
h  26721  -204612 1 0 -1 -0
h  26777  -208209 1 0 -1 -0
h  26778  -197518 1 0 -1 -0
h  26779  -196699 1 0 -1 -0
h  26780  -206583 1 0 -1 -0
h  26781  -209576 1 0 -1 -0
h  26782  -198431 1 0 -1 -0
h  26818  -156461 1 0 -1 -0
h  26819  -156131 1 0 -1 -0
h  26820  -156303 1 0 -1 -0
h  26821  -156071 1 0 -1 -0
h  27003  -182210 1 0 -1 -0
h  27004  -202740 1 0 -1 -0
h  27005  -190580 1 0 -1 -0
h  27006  -190601 1 0 -1 -0
h  27007  -202913 1 0 -1 -0
h  27008  -203218 1 0 -1 -0
h  27044  -182642 1 0 -1 -0
h  27045  -178750 1 0 -1 -0
h  27046  -179726 1 0 -1 -0
h  27047  -186907 1 0 -1 -0
h  27048  -187354 1 0 -1 -0
h  27075  -205930 1 0 -1 -0
h  27076  -195590 1 0 -1 -0
h  27077  -196672 1 0 -1 -0
h  27078  -207389 1 0 -1 -0
h  27079  -204203 1 0 -1 -0
h  27080  -194594 1 0 -1 -0
h  27100  -281917 1 0 -1 -0
h  27101  -346492 1 0 -1 -0
h  27102  -281936 1 0 -1 -0
h  27103  -344772 1 0 -1 -0
h  27110  -239396 1 0 -1 -0
h  27111  -259993 1 0 -1 -0
h  27112  -242550 1 0 -1 -0
h  27113  -264150 1 0 -1 -0
h  27275  -219344 1 0 -1 -0
h  27276  -218650 1 0 -1 -0
h  27277  -198196 1 0 -1 -0
h  27278  -197868 1 0 -1 -0
h  27364  -157607 1 0 -1 -0
h  27365  -156561 1 0 -1 -0
h  27366  -157805 1 0 -1 -0
h  27367  -156715 1 0 -1 -0
h  27410  -277136 1 0 -1 -0
h  27411  -282875 1 0 -1 -0
h  27412  -274251 1 0 -1 -0
h  27413  -284491 1 0 -1 -0
h  27414  -272883 1 0 -1 -0
h  27463  -316838 1 0 -1 -0
h  27464  -311771 1 0 -1 -0
h  27465  -314819 1 0 -1 -0
h  27466  -310068 1 0 -1 -0
h  27471  -157136 1 0 -1 -0
h  27472  -157037 1 0 -1 -0
h  27473  -156487 1 0 -1 -0
h  27474  -156436 1 0 -1 -0
h  27538  -162706 1 0 -1 -0
h  27539  -162063 1 0 -1 -0
h  27540  -162903 1 0 -1 -0
h  27541  -162283 1 0 -1 -0
h  27734  -155040 1 0 -1 -0
h  27735  -154704 1 0 -1 -0
h  27736  -154854 1 0 -1 -0
h  27737  -155068 1 0 -1 -0
h  27772  -155379 1 0 -1 -0
h  27773  -155919 1 0 -1 -0
h  27774  -155998 1 0 -1 -0
h  27775  -155125 1 0 -1 -0
h  27776  -155198 1 0 -1 -0
h  27877  -155008 1 0 -1 -0
h  27878  -155053 1 0 -1 -0
h  27879  -155142 1 0 -1 -0
h  27880  -155217 1 0 -1 -0
h  27975  -155691 1 0 -1 -0
h  27976  -156733 1 0 -1 -0
h  27977  -155725 1 0 -1 -0
h  27978  -156820 1 0 -1 -0
h  28066  -194240 1 0 -1 -0
h  28067  -195375 1 0 -1 -0
h  28068  -182793 1 0 -1 -0
h  28069  -182315 1 0 -1 -0
h  28100  -245059 1 0 -1 -0
h  28101  -246370 1 0 -1 -0
h  28102  -249003 1 0 -1 -0
h  28103  -249341 1 0 -1 -0
h  28104  -245215 1 0 -1 -0
h  28232  -158204 1 0 -1 -0
h  28233  -157838 1 0 -1 -0
h  28234  -158747 1 0 -1 -0
h  28235  -158489 1 0 -1 -0
h  28547  -156227 1 0 -1 -0
h  28548  -156275 1 0 -1 -0
h  28549  -155622 1 0 -1 -0
h  28550  -155725 1 0 -1 -0
h  28567  -190785 1 0 -1 -0
h  28568  -182136 1 0 -1 -0
h  28569  -182278 1 0 -1 -0
h  28570  -190632 1 0 -1 -0
h  28593  -183380 1 0 -1 -0
h  28594  -187009 1 0 -1 -0
h  28595  -183909 1 0 -1 -0
h  28596  -187026 1 0 -1 -0
h  28597  -186803 1 0 -1 -0
h  28598  -182939 1 0 -1 -0
h  28659  -157083 1 0 -1 -0
h  28660  -156102 1 0 -1 -0
h  28661  -156950 1 0 -1 -0
h  28662  -155979 1 0 -1 -0
h  28679  -216150 1 0 -1 -0
h  28680  -215525 1 0 -1 -0
h  28681  -196836 1 0 -1 -0
h  28682  -196411 1 0 -1 -0
h  28687  -312747 1 0 -1 -0
h  28688  -323127 1 0 -1 -0
h  28689  -316077 1 0 -1 -0
h  28690  -311981 1 0 -1 -0
h  28691  -325871 1 0 -1 -0
h  28717  -160718 1 0 -1 -0
h  28718  -160985 1 0 -1 -0
h  28719  -165205 1 0 -1 -0
h  28720  -165137 1 0 -1 -0
h  28773  -209190 1 0 -1 -0
h  28774  -207462 1 0 -1 -0
h  28775  -193219 1 0 -1 -0
h  28776  -193030 1 0 -1 -0
h  28791  -155608 1 0 -1 -0
h  28792  -155753 1 0 -1 -0
h  28793  -155555 1 0 -1 -0
h  28794  -155632 1 0 -1 -0
h  28803  -508870 1 0 -1 -0
h  28804  -487393 1 0 -1 -0
h  28805  -503984 1 0 -1 -0
h  28934  -159960 1 0 -1 -0
h  28935  -160101 1 0 -1 -0
h  28936  -164795 1 0 -1 -0
h  28937  -164526 1 0 -1 -0
h  28938  -164375 1 0 -1 -0
h  28957  -246001 1 0 -1 -0
h  28958  -244115 1 0 -1 -0
h  28959  -247318 1 0 -1 -0
h  28960  -258263 1 0 -1 -0
h  28961  -259365 1 0 -1 -0
h  29071  -240103 1 0 -1 -0
h  29072  -220110 1 0 -1 -0
h  29073  -219858 1 0 -1 -0
h  29074  -241013 1 0 -1 -0
h  29075  -241998 1 0 -1 -0
h  29197  -168523 1 0 -1 -0
h  29198  -168842 1 0 -1 -0
h  29199  -168688 1 0 -1 -0
h  29200  -169057 1 0 -1 -0
h  29295  -288684 1 0 -1 -0
h  29296  -260289 1 0 -1 -0
h  29297  -261678 1 0 -1 -0
h  29298  -295627 1 0 -1 -0
h  29299  -292430 1 0 -1 -0
h  29537  -164958 1 0 -1 -0
h  29538  -163216 1 0 -1 -0
h  29539  -162871 1 0 -1 -0
h  29540  -167295 1 0 -1 -0
h  29541  -167086 1 0 -1 -0
h  29605  -199393 1 0 -1 -0
h  29606  -212388 1 0 -1 -0
h  29607  -199077 1 0 -1 -0
h  29608  -210178 1 0 -1 -0
h  29729  -186659 1 0 -1 -0
h  29730  -186781 1 0 -1 -0
h  29731  -186788 1 0 -1 -0
h  29732  -187087 1 0 -1 -0
h  29754  -182002 1 0 -1 -0
h  29755  -190053 1 0 -1 -0
h  29756  -181920 1 0 -1 -0
h  29757  -190385 1 0 -1 -0
h  29808  -215512 1 0 -1 -0
h  29809  -194683 1 0 -1 -0
h  29810  -215979 1 0 -1 -0
h  29811  -195317 1 0 -1 -0
h  29812  -161998 1 0 -1 -0
h  29813  -162347 1 0 -1 -0
h  29977  -165677 1 0 -1 -0
h  29978  -173349 1 0 -1 -0
h  29979  -173363 1 0 -1 -0
h  29980  -166453 1 0 -1 -0
h  29981  -166240 1 0 -1 -0
h  30185  -155152 1 0 -1 -0
h  30186  -154637 1 0 -1 -0
h  30187  -213897 1 0 -1 -0
h  30188  -213246 1 0 -1 -0
h  30189  -194683 1 0 -1 -0
h  30190  -194044 1 0 -1 -0
h  30238  -154558 1 0 -1 -0
h  30239  -154708 1 0 -1 -0
h  30240  -154701 1 0 -1 -0
h  30253  -154346 1 0 -1 -0
h  30254  -154667 1 0 -1 -0
h  30255  -154532 1 0 -1 -0
h  30256  -154428 1 0 -1 -0
h  30257  -154466 1 0 -1 -0
h  30323  -166218 1 0 -1 -0
h  30324  -166082 1 0 -1 -0
h  30325  -164821 1 0 -1 -0
h  30326  -164681 1 0 -1 -0
h  30780  -162754 1 0 -1 -0
h  30781  -162840 1 0 -1 -0
h  30782  -163371 1 0 -1 -0
h  30783  -163465 1 0 -1 -0
h  31059  -154619 1 0 -1 -0
h  31060  -154717 1 0 -1 -0
h  31061  -154878 1 0 -1 -0
h  31062  -154855 1 0 -1 -0
h  31087  -175070 1 0 -1 -0
h  31088  -181872 1 0 -1 -0
h  31089  -175129 1 0 -1 -0
h  31090  -181921 1 0 -1 -0
h  31153  -156461 1 0 -1 -0
h  31154  -156439 1 0 -1 -0
h  31245  -155805 1 0 -1 -0
h  31246  -156595 1 0 -1 -0
h  31247  -155680 1 0 -1 -0
h  31248  -156431 1 0 -1 -0
h  31271  -173557 1 0 -1 -0
h  31272  -174029 1 0 -1 -0
h  31273  -173643 1 0 -1 -0
h  31274  -174112 1 0 -1 -0
h  31501  -160003 1 0 -1 -0
h  31502  -159881 1 0 -1 -0
h  31503  -157842 1 0 -1 -0
h  31504  -158022 1 0 -1 -0
h  31520  -155684 1 0 -1 -0
h  31521  -156586 1 0 -1 -0
h  31522  -155729 1 0 -1 -0
h  31523  -156651 1 0 -1 -0
h  31660  -163508 1 0 -1 -0
h  31661  -164074 1 0 -1 -0
h  31662  -163520 1 0 -1 -0
h  31663  -164114 1 0 -1 -0
h  31752  -269257 1 0 -1 -0
h  31753  -269468 1 0 -1 -0
h  31754  -249176 1 0 -1 -0
h  31755  -249461 1 0 -1 -0
h  31981  -158995 1 0 -1 -0
h  31982  -158957 1 0 -1 -0
h  31983  -157192 1 0 -1 -0
h  31984  -157115 1 0 -1 -0
h  32059  -167284 1 0 -1 -0
h  32060  -166892 1 0 -1 -0
h  32061  -167079 1 0 -1 -0
h  32146  -204229 1 0 -1 -0
h  32147  -189808 1 0 -1 -0
h  32148  -190078 1 0 -1 -0
h  32216  -181160 1 0 -1 -0
h  32217  -184668 1 0 -1 -0
h  32218  -184783 1 0 -1 -0
h  32219  -181787 1 0 -1 -0
h  32220  -180631 1 0 -1 -0
h  32221  -184352 1 0 -1 -0
h  32222  -154466 1 0 -1 -0
h  32223  -154921 1 0 -1 -0
h  32224  -154896 1 0 -1 -0
h  32225  -154647 1 0 -1 -0
h  32226  -154715 1 0 -1 -0
h  32227  -154448 1 0 -1 -0
h  32391  -215355 1 0 -1 -0
h  32392  -200493 1 0 -1 -0
h  32393  -213434 1 0 -1 -0
h  32394  -200218 1 0 -1 -0
h  32395  -201402 1 0 -1 -0
h  32396  -216140 1 0 -1 -0
h  32527  -156507 1 0 -1 -0
h  32528  -155645 1 0 -1 -0
h  32529  -156523 1 0 -1 -0
h  32530  -155646 1 0 -1 -0
h  32604  -165651 1 0 -1 -0
h  32605  -160730 1 0 -1 -0
h  32606  -160978 1 0 -1 -0
h  32607  -165097 1 0 -1 -0
h  32608  -165111 1 0 -1 -0
h  32895  -159138 1 0 -1 -0
h  32896  -158570 1 0 -1 -0
h  32897  -158850 1 0 -1 -0
h  32898  -158253 1 0 -1 -0
h  33570  -155436 1 0 -1 -0
h  33571  -154827 1 0 -1 -0
h  33572  -154857 1 0 -1 -0
h  33573  -155113 1 0 -1 -0
h  33574  -155344 1 0 -1 -0
h  33575  -155038 1 0 -1 -0
h  33687  -174953 1 0 -1 -0
h  33688  -181759 1 0 -1 -0
h  33689  -174879 1 0 -1 -0
h  33690  -181922 1 0 -1 -0
h  33767  -203784 1 0 -1 -0
h  33768  -190577 1 0 -1 -0
h  33769  -190642 1 0 -1 -0
h  34010  -221416 1 0 -1 -0
h  34011  -203314 1 0 -1 -0
h  34012  -221157 1 0 -1 -0
h  34013  -220809 1 0 -1 -0
h  34014  -203543 1 0 -1 -0
h  34015  -203595 1 0 -1 -0
h  34222  -155696 1 0 -1 -0
h  34223  -155740 1 0 -1 -0
h  34224  -155336 1 0 -1 -0
h  34225  -155411 1 0 -1 -0
h  34439  -291457 1 0 -1 -0
h  34440  -290465 1 0 -1 -0
h  34441  -307859 1 0 -1 -0
h  34442  -307738 1 0 -1 -0
h  34473  -203802 1 0 -1 -0
h  34474  -203999 1 0 -1 -0
h  34475  -204041 1 0 -1 -0
h  34476  -221884 1 0 -1 -0
h  34477  -222125 1 0 -1 -0
h  34602  -167361 1 0 -1 -0
h  34603  -168762 1 0 -1 -0
h  34604  -167049 1 0 -1 -0
h  34605  -168216 1 0 -1 -0
h  34606  -169519 1 0 -1 -0
h  34607  -167537 1 0 -1 -0
h  34738  -159102 1 0 -1 -0
h  34739  -158654 1 0 -1 -0
h  34740  -159049 1 0 -1 -0
h  34741  -158631 1 0 -1 -0
h  35155  -189119 1 0 -1 -0
h  35156  -189947 1 0 -1 -0
h  35157  -179570 1 0 -1 -0
h  35158  -179411 1 0 -1 -0
h  35644  -171954 1 0 -1 -0
h  35645  -172526 1 0 -1 -0
h  35646  -173663 1 0 -1 -0
h  35647  -176676 1 0 -1 -0
h  35648  -176623 1 0 -1 -0
h  35666  -198020 1 0 -1 -0
h  35667  -197897 1 0 -1 -0
h  35668  -181785 1 0 -1 -0
h  35669  -181701 1 0 -1 -0
h  36080  -159605 1 0 -1 -0
h  36081  -160079 1 0 -1 -0
h  36082  -160066 1 0 -1 -0
h  36083  -160590 1 0 -1 -0
h  36136  -175610 1 0 -1 -0
h  36137  -174339 1 0 -1 -0
h  36138  -174898 1 0 -1 -0
h  36139  -176069 1 0 -1 -0
h  36140  -174279 1 0 -1 -0
h  36217  -164023 1 0 -1 -0
h  36218  -163482 1 0 -1 -0
h  36219  -163869 1 0 -1 -0
h  36220  -163270 1 0 -1 -0
h  36599  -155786 1 0 -1 -0
h  36600  -155807 1 0 -1 -0
h  36601  -154863 1 0 -1 -0
h  36602  -154907 1 0 -1 -0
h  36663  -154563 1 0 -1 -0
h  36664  -154472 1 0 -1 -0
h  36665  -154411 1 0 -1 -0
h  36666  -154527 1 0 -1 -0
h  36667  -154566 1 0 -1 -0
h  36770  -160109 1 0 -1 -0
h  36771  -159537 1 0 -1 -0
h  36772  -160002 1 0 -1 -0
h  36773  -159407 1 0 -1 -0
h  37021  -160811 1 0 -1 -0
h  37022  -160537 1 0 -1 -0
h  37023  -160246 1 0 -1 -0
h  37024  -159883 1 0 -1 -0
h  38370  -220540 1 0 -1 -0
h  38371  -241064 1 0 -1 -0
h  38372  -221323 1 0 -1 -0
h  38373  -242254 1 0 -1 -0
h  38404  -182337 1 0 -1 -0
h  38405  -188820 1 0 -1 -0
h  38406  -181914 1 0 -1 -0
h  38407  -189441 1 0 -1 -0
h  38408  -187561 1 0 -1 -0
h  38409  -182584 1 0 -1 -0
h  38471  -181898 1 0 -1 -0
h  38472  -181916 1 0 -1 -0
h  38473  -197496 1 0 -1 -0
h  38474  -197670 1 0 -1 -0
h  38490  -157484 1 0 -1 -0
h  38491  -157168 1 0 -1 -0
h  38492  -157520 1 0 -1 -0
h  38493  -157225 1 0 -1 -0
h  38517  -157003 1 0 -1 -0
h  38518  -156769 1 0 -1 -0
h  38519  -157108 1 0 -1 -0
h  38520  -156841 1 0 -1 -0
h  38595  -155167 1 0 -1 -0
h  38596  -155896 1 0 -1 -0
h  38597  -155271 1 0 -1 -0
h  38598  -155999 1 0 -1 -0
h  38787  -154758 1 0 -1 -0
h  38788  -154818 1 0 -1 -0
h  38789  -154743 1 0 -1 -0
h  38790  -154770 1 0 -1 -0
h  38825  -154882 1 0 -1 -0
h  38826  -154595 1 0 -1 -0
h  38827  -154608 1 0 -1 -0
h  38828  -154682 1 0 -1 -0
h  38829  -154748 1 0 -1 -0
h  38956  -173996 1 0 -1 -0
h  38957  -172925 1 0 -1 -0
h  38958  -173986 1 0 -1 -0
h  38959  -177243 1 0 -1 -0
h  38960  -177257 1 0 -1 -0
h  39767  -164464 1 0 -1 -0
h  39768  -164417 1 0 -1 -0
h  39769  -164155 1 0 -1 -0
h  39999  -159684 1 0 -1 -0
h  40000  -158079 1 0 -1 -0
h  40001  -157883 1 0 -1 -0
h  40166  -494571 1 0 -1 -0
h  40167  -476911 1 0 -1 -0
h  40168  -479886 1 0 -1 -0
h  40169  -501251 1 0 -1 -0
h  40170  -482171 1 0 -1 -0
h  40583  -156385 1 0 -1 -0
h  40584  -156523 1 0 -1 -0
h  40585  -155416 1 0 -1 -0
h  40586  -155511 1 0 -1 -0
h  40639  -223968 1 0 -1 -0
h  40640  -246424 1 0 -1 -0
h  40641  -223362 1 0 -1 -0
h  40642  -245587 1 0 -1 -0
h  41174  -158527 1 0 -1 -0
h  41175  -156870 1 0 -1 -0
h  41176  -156777 1 0 -1 -0
h  41179  -165803 1 0 -1 -0
h  41180  -165539 1 0 -1 -0
h  41181  -165550 1 0 -1 -0
h  41182  -166527 1 0 -1 -0
h  41183  -165412 1 0 -1 -0
h  41274  -174800 1 0 -1 -0
h  41275  -174925 1 0 -1 -0
h  41276  -167811 1 0 -1 -0
h  41277  -167641 1 0 -1 -0
h  41295  -156013 1 0 -1 -0
h  41296  -155518 1 0 -1 -0
h  41297  -155581 1 0 -1 -0
h  41298  -156164 1 0 -1 -0
h  41299  -156252 1 0 -1 -0
h  42167  -181382 1 0 -1 -0
h  42168  -181602 1 0 -1 -0
h  42169  -196318 1 0 -1 -0
h  42170  -196603 1 0 -1 -0
h  42267  -160319 1 0 -1 -0
h  42268  -159714 1 0 -1 -0
h  42269  -160384 1 0 -1 -0
h  42270  -159824 1 0 -1 -0
h  42283  -172077 1 0 -1 -0
h  42284  -172093 1 0 -1 -0
h  42285  -172253 1 0 -1 -0
h  42298  -155495 1 0 -1 -0
h  42299  -155496 1 0 -1 -0
h  42300  -156106 1 0 -1 -0
h  42301  -156123 1 0 -1 -0
h  42398  -154532 1 0 -1 -0
h  42399  -154491 1 0 -1 -0
h  42400  -154447 1 0 -1 -0
h  42401  -154539 1 0 -1 -0
h  42402  -154518 1 0 -1 -0
h  42441  -157678 1 0 -1 -0
h  42442  -157301 1 0 -1 -0
h  42443  -157647 1 0 -1 -0
h  42444  -157288 1 0 -1 -0
h  42467  -160088 1 0 -1 -0
h  42468  -159640 1 0 -1 -0
h  42469  -160644 1 0 -1 -0
h  42470  -160134 1 0 -1 -0
h  42757  -186336 1 0 -1 -0
h  42758  -186640 1 0 -1 -0
h  42759  -186542 1 0 -1 -0
h  42760  -186665 1 0 -1 -0
h  43197  -157993 1 0 -1 -0
h  43198  -156813 1 0 -1 -0
h  43199  -156651 1 0 -1 -0
h  43200  -158560 1 0 -1 -0
h  43201  -158048 1 0 -1 -0
h  43202  -158602 1 0 -1 -0
h  43203  -158113 1 0 -1 -0
h  43375  -236533 1 0 -1 -0
h  43376  -218176 1 0 -1 -0
h  43377  -234976 1 0 -1 -0
h  43378  -217309 1 0 -1 -0
h  44763  -155189 1 0 -1 -0
h  44764  -155063 1 0 -1 -0
h  44765  -155234 1 0 -1 -0
h  44766  -155127 1 0 -1 -0
h  45096  -194905 1 0 -1 -0
h  45097  -195256 1 0 -1 -0
h  45098  -179894 1 0 -1 -0
h  45099  -180238 1 0 -1 -0
h  45201  -155075 1 0 -1 -0
h  45202  -155167 1 0 -1 -0
h  45203  -154704 1 0 -1 -0
h  45204  -154745 1 0 -1 -0
h  45958  -222435 1 0 -1 -0
h  45959  -222847 1 0 -1 -0
h  45960  -222174 1 0 -1 -0
h  45961  -222302 1 0 -1 -0
h  46118  -225339 1 0 -1 -0
h  46119  -248658 1 0 -1 -0
h  46120  -225426 1 0 -1 -0
h  46121  -249335 1 0 -1 -0
h  46482  -168296 1 0 -1 -0
h  46483  -168603 1 0 -1 -0
h  46484  -168080 1 0 -1 -0
h  46732  -160199 1 0 -1 -0
h  46733  -159648 1 0 -1 -0
h  46734  -160650 1 0 -1 -0
h  46735  -160141 1 0 -1 -0
h  47062  -181844 1 0 -1 -0
h  47063  -175391 1 0 -1 -0
h  47064  -181784 1 0 -1 -0
h  47065  -175512 1 0 -1 -0
h  47382  -164127 1 0 -1 -0
h  47383  -164593 1 0 -1 -0
h  47406  -154751 1 0 -1 -0
h  47407  -155001 1 0 -1 -0
h  47408  -154693 1 0 -1 -0
h  47409  -155041 1 0 -1 -0
h  48117  -155908 1 0 -1 -0
h  48118  -156038 1 0 -1 -0
h  48119  -156354 1 0 -1 -0
h  48391  -155427 1 0 -1 -0
h  48392  -155517 1 0 -1 -0
h  48393  -155354 1 0 -1 -0
h  48394  -155443 1 0 -1 -0
h  48897  -252412 1 0 -1 -0
h  48898  -223563 1 0 -1 -0
h  48899  -253430 1 0 -1 -0
h  48900  -224205 1 0 -1 -0
h  50028  -192736 1 0 -1 -0
h  50029  -193287 1 0 -1 -0
h  50030  -178922 1 0 -1 -0
h  50031  -179023 1 0 -1 -0
h  50052  -218031 1 0 -1 -0
h  50053  -217556 1 0 -1 -0
h  50054  -236327 1 0 -1 -0
h  50055  -235445 1 0 -1 -0
h  50365  -164013 1 0 -1 -0
h  50366  -163852 1 0 -1 -0
h  50367  -164743 1 0 -1 -0
h  50368  -164695 1 0 -1 -0
h  50369  -163991 1 0 -1 -0
h  50415  -162233 1 0 -1 -0
h  50416  -161815 1 0 -1 -0
h  50417  -162168 1 0 -1 -0
h  50418  -161698 1 0 -1 -0
h  50460  -175490 1 0 -1 -0
h  50461  -175384 1 0 -1 -0
h  50462  -167830 1 0 -1 -0
h  50463  -167729 1 0 -1 -0
h  50863  -176276 1 0 -1 -0
h  50864  -181039 1 0 -1 -0
h  50865  -176522 1 0 -1 -0
h  50866  -180739 1 0 -1 -0
h  51739  -164375 1 0 -1 -0
h  51740  -164287 1 0 -1 -0
h  51741  -164643 1 0 -1 -0
h  51742  -164213 1 0 -1 -0
h  51918  -158924 1 0 -1 -0
h  51919  -157157 1 0 -1 -0
h  51920  -157915 1 0 -1 -0
h  51921  -157310 1 0 -1 -0
h  52183  -172286 1 0 -1 -0
h  52184  -172099 1 0 -1 -0
h  52185  -172579 1 0 -1 -0
h  52186  -171792 1 0 -1 -0
h  52187  -182937 1 0 -1 -0
h  52188  -183208 1 0 -1 -0
h  52189  -172203 1 0 -1 -0
h  52190  -172272 1 0 -1 -0
h  52299  -155989 1 0 -1 -0
h  52300  -156161 1 0 -1 -0
h  52301  -156065 1 0 -1 -0
h  52302  -156269 1 0 -1 -0
h  52432  -157018 1 0 -1 -0
h  52433  -155905 1 0 -1 -0
h  52434  -156030 1 0 -1 -0
h  52435  -157362 1 0 -1 -0
h  52436  -157015 1 0 -1 -0
h  52437  -157426 1 0 -1 -0
h  52438  -157098 1 0 -1 -0
h  53018  -155377 1 0 -1 -0
h  53019  -155518 1 0 -1 -0
h  53020  -155342 1 0 -1 -0
h  53021  -155440 1 0 -1 -0
h  53077  -160310 1 0 -1 -0
h  53078  -157905 1 0 -1 -0
h  53079  -160094 1 0 -1 -0
h  53080  -159192 1 0 -1 -0
h  53081  -158051 1 0 -1 -0
h  53082  -158666 1 0 -1 -0
h  53088  -156183 1 0 -1 -0
h  53089  -156173 1 0 -1 -0
h  53090  -155968 1 0 -1 -0
h  53091  -156002 1 0 -1 -0
h  53274  -155055 1 0 -1 -0
h  53275  -155104 1 0 -1 -0
h  53276  -155884 1 0 -1 -0
h  53277  -155934 1 0 -1 -0
h  53528  -157983 1 0 -1 -0
h  53529  -158270 1 0 -1 -0
h  53530  -157429 1 0 -1 -0
h  53531  -157763 1 0 -1 -0
h  53540  -158860 1 0 -1 -0
h  53541  -158402 1 0 -1 -0
h  53542  -158993 1 0 -1 -0
h  53543  -158584 1 0 -1 -0
h  53824  -157687 1 0 -1 -0
h  53825  -158083 1 0 -1 -0
h  53826  -157209 1 0 -1 -0
h  53827  -157698 1 0 -1 -0
h  53994  -214565 1 0 -1 -0
h  53995  -226716 1 0 -1 -0
h  53996  -215195 1 0 -1 -0
h  53997  -228896 1 0 -1 -0
h  54173  -177326 1 0 -1 -0
h  54174  -177075 1 0 -1 -0
h  54175  -170148 1 0 -1 -0
h  54176  -170503 1 0 -1 -0
h  55241  -156054 1 0 -1 -0
h  55242  -156194 1 0 -1 -0
h  55243  -155300 1 0 -1 -0
h  55244  -155420 1 0 -1 -0
h  55266  -157016 1 0 -1 -0
h  55267  -158009 1 0 -1 -0
h  55268  -157850 1 0 -1 -0
h  55269  -156742 1 0 -1 -0
h  55270  -156627 1 0 -1 -0
h  55408  -162040 1 0 -1 -0
h  55409  -161392 1 0 -1 -0
h  55410  -161681 1 0 -1 -0
h  55411  -161055 1 0 -1 -0
h  55884  -158668 1 0 -1 -0
h  55885  -158794 1 0 -1 -0
h  55886  -158089 1 0 -1 -0
h  55887  -158260 1 0 -1 -0
h  56339  -158139 1 0 -1 -0
h  56340  -157690 1 0 -1 -0
h  56341  -157724 1 0 -1 -0
h  56342  -157179 1 0 -1 -0
h  56361  -154081 1 0 -1 -0
h  56362  -154447 1 0 -1 -0
h  56363  -154131 1 0 -1 -0
h  56364  -154482 1 0 -1 -0
h  56370  -158030 1 0 -1 -0
h  56371  -158537 1 0 -1 -0
h  56372  -157623 1 0 -1 -0
h  56373  -158188 1 0 -1 -0
h  56928  -154966 1 0 -1 -0
h  56929  -154796 1 0 -1 -0
h  56930  -154907 1 0 -1 -0
h  56931  -154785 1 0 -1 -0
h  57489  -155116 1 0 -1 -0
h  57490  -155075 1 0 -1 -0
h  57491  -154937 1 0 -1 -0
h  57492  -155679 1 0 -1 -0
h  57493  -155763 1 0 -1 -0
h  57494  -154915 1 0 -1 -0
h  57495  -154973 1 0 -1 -0
E_DATA
