2269
16 45   -0.00053125 0.000120833 269.222
16 118   -0.000566667 -5.20833e-006 269.717
16 489   -0.0005375 0.000116667 269.21
16 597   -0.000491667 1.66667e-005 269.703
16 714   -0.000516667 7.08333e-005 269.667
16 715   -0.000508333 7.08333e-005 269.666
16 787   -0.000489583 -0.00014375 268.104
16 788   -0.000493403 0.000154167 264.996
16 789   -0.000490972 0.000152083 265.053
16 790   -0.000490712 0.000147917 266.854
16 801   -0.000553646 0.000164583 261.517
16 813   -0.000416667 -0.000104167 269.445
16 814   -0.000416667 -9.58333e-005 269.545
16 820   -0.000570833 -9.94792e-005 269.566
16 828   -0.000427083 -0.00015625 267.203
16 861   -0.000420833 -0.000108333 269.461
16 871   -0.000554167 -0.00011875 269.409
16 872   -0.000545833 -0.00011875 269.416
16 897   -0.0004125 4.16667e-006 269.686
16 907   -0.000422917 -0.00015625 267.294
16 916   -0.000416667 7.91667e-005 269.55
16 921   -0.000579167 -9.6875e-005 269.562
16 934   -0.000579167 -3.07292e-005 269.712
16 951   -0.000583333 7.91667e-005 269.594
16 956   -0.000416667 -7.91667e-005 269.598
16 993   -0.000485417 -0.00014375 268.11
16 994   -0.000477083 -0.00014375 268.131
16 1003   -0.000439583 -0.00014375 268.308
16 1004   -0.000447917 -0.00014375 268.249
16 1009   -0.000420833 8.33333e-005 269.564
16 1010   -0.000429167 9.16667e-005 269.495
16 1012   -0.000420833 -8.33333e-005 269.609
16 1013   -0.000420833 -9.16667e-005 269.552
16 1014   -0.000429167 -9.16667e-005 269.559
16 1029   -0.000558333 -7.5e-005 269.668
16 1051   -0.000579167 8.33333e-005 269.605
16 1052   -0.000570833 9.16667e-005 269.537
16 1056   -0.000541667 -7.5e-005 269.671
16 1088   -0.000455556 0.000139583 267.933
16 1097   -0.000454167 3.75e-005 269.68
16 1128   -0.000583333 -6.25e-005 269.68
16 1134   -0.000422917 -0.00014375 268.45
16 1168   -0.000420833 -1.25e-005 269.691
16 1169   -0.0004125 -4.16667e-006 269.688
16 1195   -0.000427083 -0.00014375 268.425
16 1196   -0.000435417 -0.00014375 268.332
16 1205   -0.000416667 5.41667e-005 269.633
16 1206   -0.000416667 4.58333e-005 269.659
16 1220   -0.000520833 3.75e-005 269.697
16 1221   -0.0005125 2.91667e-005 269.693
16 1267   -0.00048125 -0.000127083 269.119
16 1296   -0.000416667 -5.41667e-005 269.659
16 1297   -0.000416667 -4.58333e-005 269.677
16 1317   -0.000504167 -9.375e-005 269.627
16 1455   -0.000483333 -7.91667e-005 269.658
16 1456   -0.000491667 -7.08333e-005 269.684
16 1457   -0.000483333 -7.08333e-005 269.682
16 1473   -0.000491667 7.08333e-005 269.661
16 1474   -0.000483333 7.08333e-005 269.659
16 1477   -0.000583333 4.58333e-005 269.691
16 1483   -0.000420833 5.83333e-005 269.64
16 1484   -0.000429167 6.66667e-005 269.614
16 1504   -0.000480035 0.000139583 267.826
16 1555   -0.000529167 3.75e-005 269.698
16 1556   -0.0005375 2.91667e-005 269.698
16 1586   -0.0004625 -5.41667e-005 269.683
16 1587   -0.000458333 -7.91667e-005 269.643
16 1588   -0.000466667 -7.91667e-005 269.647
16 1589   -0.000458333 -7.08333e-005 269.671
16 1590   -0.000466667 -7.08333e-005 269.675
16 1596   -0.000488715 0.000116667 269.219
16 1719   -0.000427083 -0.00013125 269.003
16 1720   -0.00043125 -0.000127083 269.013
16 1721   -0.000435417 -0.00013125 268.998
16 1732   -0.000543403 0.000120833 269.219
16 1772   -0.000420833 -5.83333e-005 269.665
16 1773   -0.000429167 -5.83333e-005 269.668
16 1774   -0.000429167 -6.66667e-005 269.647
16 1937   -0.000545833 8.33333e-005 269.628
16 1938   -0.000554167 8.33333e-005 269.624
16 1939   -0.000554167 9.16667e-005 269.558
16 1964   -0.00045625 -0.000127083 269.091
16 2046   -0.000454167 9.16667e-005 269.535
16 2047   -0.000454167 8.33333e-005 269.605
16 2048   -0.000445833 9.16667e-005 269.526
16 2049   -0.000445833 8.33333e-005 269.598
16 2080   -0.000495833 -6.66667e-005 269.682
16 2081   -0.000495833 -5.83333e-005 269.699
16 2090   -0.00054375 0.000104167 269.449
16 2091   -0.0005375 0.000108333 269.462
16 2165   -0.000464583 -0.00014375 268.175
16 2166   -0.000472917 -0.00014375 268.14
16 2325   -0.000460417 -0.00014375 268.188
16 2326   -0.000452083 -0.00014375 268.234
16 2379   -0.000570833 5.83333e-005 269.676
16 2380   -0.000570833 6.66667e-005 269.647
16 2515   -0.000525 0.000116667 269.214
16 2516   -0.00051875 0.000120833 269.226
16 2584   -0.000579167 -6.875e-005 269.672
16 2585   -0.000583333 -7.5e-005 269.657
16 2667   -0.000445833 -8.33333e-005 269.638
16 2668   -0.000454167 -8.33333e-005 269.642
16 2669   -0.000454167 -9.16667e-005 269.591
16 2900   -0.000495833 9.16667e-005 269.571
16 3115   -0.000554167 -4.73958e-005 269.705
16 3585   -0.00043125 -0.000122917 269.32
16 3586   -0.000435417 -0.00011875 269.323
16 3587   -0.000427083 -0.00011875 269.311
16 3588   -0.00043125 -0.000114583 269.312
16 3744   -0.000465104 0.000116667 269.197
16 3745   -0.000475868 0.000108333 269.452
16 3820   -0.000529167 8.33333e-005 269.636
16 3880   -0.000445833 3.75e-005 269.678
16 3881   -0.0004375 2.91667e-005 269.673
16 4480   -0.000445833 -3.75e-005 269.69
16 4481   -0.0004375 -2.91667e-005 269.685
16 4601   -0.000520833 -6.875e-005 269.686
16 4602   -0.000529167 -8.125e-005 269.662
16 4603   -0.000516667 -7.5e-005 269.674
16 4992   -0.000458333 7.91667e-005 269.604
16 4993   -0.000458333 7.08333e-005 269.645
16 4994   -0.000466667 7.08333e-005 269.649
16 5136   -0.000422917 -0.00013125 269.004
16 5400   -0.000433333 -9.58333e-005 269.573
16 5409   -0.000479167 9.16667e-005 269.561
16 5410   -0.000470833 9.16667e-005 269.556
16 5857   -0.000422222 0.000120833 269.138
16 5858   -0.000427778 0.000116667 269.147
16 5859   -0.000436111 0.000129167 268.692
16 5860   -0.000430556 0.000133333 268.701
16 6166   -0.000479167 -8.33333e-005 269.66
16 6167   -0.000470833 -8.33333e-005 269.657
16 6278   -0.000439583 -0.00013125 268.997
16 6279   -0.00044375 -0.000127083 269.044
16 6498   -0.000541667 7.91667e-005 269.625
16 6499   -0.000533333 7.91667e-005 269.627
16 6500   -0.000541667 7.08333e-005 269.664
16 6501   -0.000533333 7.08333e-005 269.665
16 6685   -0.000541667 5.41667e-005 269.678
16 6686   -0.000533333 5.41667e-005 269.679
16 6687   -0.000541667 4.58333e-005 269.7
16 6688   -0.000533333 4.58333e-005 269.7
16 6808   -0.000479167 -3.75e-005 269.698
16 6809   -0.0004875 -2.91667e-005 269.697
16 6812   -0.000561285 0.000116667 269.214
16 6813   -0.000549826 0.000108333 269.452
16 6814   -0.000555035 0.000120833 269.222
16 6815   -0.000549479 0.000116667 269.21
16 7764   -0.000597917 -0.000191667 260.58
16 7765   -0.000597917 -0.000195833 251.567
16 7782   -0.000591667 -0.000197917 231.344
16 7783   -0.000595833 -0.000197917 233.477
16 7826   -0.000595833 0.000189583 255.585
16 7827   -0.000595833 0.000197917 228.394
16 7829   -0.000598611 0.000195833 246.556
16 7830   -0.000598611 0.000191667 256.403
16 7850   -0.000405556 0.000197917 225.647
16 7853   -0.000402083 0.000194792 244.619
16 7854   -0.000403472 0.000196875 231.526
16 7855   -0.000402083 0.000198958 226.101
16 7858   -0.000400694 0.000195833 246.304
16 7859   -0.000400694 0.000197917 240.356
16 7920   -0.000579167 -0.000197917 215.472
16 7921   -0.000583333 -0.000197917 219.75
16 7977   -0.000420833 -0.000197917 214.291
16 8012   -0.000577778 0.000197917 141.006
16 8013   -0.000580556 0.000197917 152.056
16 8016   -0.000401389 0.000179167 263.158
16 8017   -0.000401389 0.000183333 261.171
16 8020   -0.000429167 -0.000197917 196.586
16 8021   -0.000433333 -0.000197917 193.156
16 8024   -0.000419444 0.000197917 141.54
16 8025   -0.000422222 0.000197917 129.402
16 8063   -0.000488108 0.000191927 73.7506
16 8064   -0.000484809 0.000192969 73.4039
16 8076   -0.000566667 -0.000197917 192.557
16 8077   -0.000570833 -0.000197917 196.501
16 8168   -0.000441667 -0.000197917 180.988
16 8169   -0.000445833 -0.000197917 178.76
16 8195   -0.000554167 -0.000197917 176.656
16 8196   -0.000558333 -0.000197917 179.27
16 8235   -0.000454167 -0.000197917 170.756
16 8236   -0.000458333 -0.000197917 169.289
16 8254   -0.000541667 -0.000197917 165.569
16 8255   -0.000545833 -0.000197917 167.519
16 8269   -0.000568056 0.000191667 226.536
16 8270   -0.000565278 0.000191667 224.904
16 8271   -0.000565278 0.000195833 87.9585
16 8272   -0.000484375 0.00018763 195.469
16 8273   -0.000483247 0.000190755 100.451
16 8274   -0.000478299 0.000189583 157.703
16 8275   -0.000480642 0.000188932 155.05
16 8276   -0.000481337 0.000191016 95.7422
16 8293   -0.000466667 -0.000197917 164.223
16 8294   -0.000470833 -0.000197917 163.361
16 8303   -0.000529167 -0.000197917 157.524
16 8304   -0.000533333 -0.000197917 158.927
16 8309   -0.000589583 -0.000181641 261.633
16 8310   -0.000591667 -0.00018763 260.103
16 8311   -0.000595833 -0.00018763 261.158
16 8313   -0.000597917 -0.000179297 265.171
16 8314   -0.000597917 -0.000183464 263.705
16 8332   -0.000479167 -0.000197917 160.642
16 8333   -0.000483333 -0.000197917 160.179
16 8334   -0.000468229 0.000197917 42.8673
16 8335   -0.000469965 0.000195833 46.2647
16 8336   -0.000466493 0.000189583 154.047
16 8337   -0.00046441 0.000191667 146.997
16 8340   -0.000516667 -0.000197917 152.387
16 8341   -0.000520833 -0.000197917 153.096
16 8352   -0.000504167 -0.000197917 151.936
16 8353   -0.000508333 -0.000197917 151.4
16 8356   -0.000491667 -0.000197917 158.377
16 8357   -0.000495833 -0.000197917 157.365
16 8358   -0.000434722 0.000191667 223.991
16 8359   -0.000431944 0.000191667 225.874
16 8360   -0.000434722 0.000195833 79.4995
16 8361   -0.000431944 0.000195833 87.4072
16 8375   -0.000527691 0.000197917 42.2634
16 8434   -0.000483594 0.000195313 51.6711
16 8435   -0.000484288 0.000197396 36.25
16 8436   -0.000481597 0.000198958 34.6769
16 8456   -0.000559722 0.000191667 218.319
16 8457   -0.000556944 0.000191667 213.203
16 8458   -0.000559722 0.000195833 71.0053
16 8459   -0.000556944 0.000195833 66.7531
16 8460   -0.000427778 0.000197917 92.0998
16 8461   -0.000430556 0.000197917 83.6907
16 8464   -0.000526194 0.000195964 43.0778
16 8474   -0.000443056 0.000191667 209.941
16 8475   -0.000440278 0.000191667 215.69
16 8476   -0.000443056 0.000195833 63.2889
16 8477   -0.000440278 0.000195833 66.801
16 8478   -0.0004125 0.000197917 187.526
16 8479   -0.0004125 0.000189583 247.077
16 8480   -0.000408333 0.000191667 249.795
16 8481   -0.000408333 0.000195833 224.721
16 8482   -0.000416667 0.000195833 177.436
16 8483   -0.000416667 0.000191667 240.798
16 8490   -0.000561111 0.000197917 68.3715
16 8491   -0.000563889 0.000197917 71.9818
16 8503   -0.0005875 0.000197917 198.427
16 8504   -0.0005875 0.000189583 247.632
16 8505   -0.000591667 0.000191667 250.035
16 8506   -0.000591667 0.000195833 226.852
16 8507   -0.000583333 0.000195833 188.695
16 8508   -0.000583333 0.000191667 241.484
16 8509   -0.000534679 0.000195833 47.2456
16 8510   -0.000531641 0.000191667 146.209
16 8511   -0.000530425 0.000195833 45.6235
16 8512   -0.000531901 0.000197917 44.1539
16 8538   -0.000436111 0.000197917 68.124
16 8539   -0.000438889 0.000197917 64.5466
16 8544   -0.000548611 0.000195833 56.7921
16 8545   -0.000551389 0.000195833 59.1118
16 8546   -0.000548611 0.000191667 189.028
16 8547   -0.000551389 0.000191667 196.146
16 8555   -0.000426389 0.000191667 231.301
16 8556   -0.000423611 0.000191667 233.576
16 8557   -0.000426389 0.000195833 119.87
16 8558   -0.000423611 0.000195833 134.128
16 8566   -0.000543056 0.000191667 171.053
16 8567   -0.000540278 0.000191667 164.838
16 8568   -0.000543056 0.000195833 52.1826
16 8569   -0.000540278 0.000195833 50.706
16 8588   -0.000448611 0.000195833 57.1866
16 8589   -0.000448611 0.000191667 191.284
16 8605   -0.000552778 0.000197917 57.2478
16 8606   -0.000555556 0.000197917 59.538
16 8619   -0.00051875 0.000190625 109.467
16 8620   -0.000521658 0.000186719 217.242
16 8621   -0.00052168 0.000192318 108.33
16 8622   -0.000522852 0.000189974 133.991
16 8627   -0.000517817 0.000196484 38.9608
16 8628   -0.000517556 0.000192839 87.6267
16 8629   -0.000544444 0.000197917 50.5185
16 8630   -0.000547222 0.000197917 51.9838
16 8633   -0.000536111 0.000197917 45.9467
16 8634   -0.000538889 0.000197917 47.0522
16 8635   -0.000444444 0.000197917 56.8055
16 8636   -0.000447222 0.000197917 54.6446
16 8658   -0.000510634 0.000191927 75.3754
16 8659   -0.000513585 0.000188281 181.849
16 8660   -0.000514692 0.000191276 88.5879
16 8661   -0.000513477 0.000193359 74.4352
16 8695   -0.000471007 0.000188542 163.38
16 8696   -0.000469792 0.000192708 118.852
16 8697   -0.00046875 0.000190625 149.32
16 8698   -0.000471701 0.000191667 111.245
16 8699   -0.000472396 0.000189583 161.789
16 8700   -0.000474132 0.000189583 163.202
16 8701   -0.000473611 0.00019375 73.3801
16 8702   -0.000474826 0.000192708 76.2229
16 8703   -0.00047283 0.000192188 100.852
16 8704   -0.000474045 0.000191146 98.3302
16 8714   -0.000576389 0.000191667 234.363
16 8715   -0.000573611 0.000191667 231.95
16 8716   -0.000576389 0.000195833 146.256
16 8727   -0.000519314 0.000198177 38.1228
16 8730   -0.000523503 0.000198047 39.8029
16 8731   -0.000521984 0.000196224 40.7275
16 8732   -0.000498264 0.00019375 65.1172
16 8733   -0.000501215 0.000196875 36.5192
16 8776   -0.000509375 0.00019375 67.1205
16 8777   -0.000506597 0.00019375 65.9189
16 8778   -0.000509549 0.000196875 37.0478
16 8801   -0.000494358 0.000198438 35.3827
16 8804   -0.000498524 0.000198438 35.3615
16 8805   -0.000497049 0.000196875 36.4842
16 8806   -0.000489931 0.00019375 66.9945
16 8807   -0.000492882 0.000196875 36.6169
16 8878   -0.000502691 0.000198438 35.4836
16 8881   -0.000506858 0.000198438 35.7538
16 8882   -0.000505382 0.000196875 36.7473
16 8920   -0.000488455 0.000183854 225.705
16 8921   -0.000492274 0.0001875 170.001
16 8922   -0.000487066 0.000186719 194.054
16 8923   -0.000489236 0.000188802 169.148
16 8937   -0.000480599 0.000177083 243.787
16 8938   -0.000478082 0.000176042 243.772
16 8939   -0.00056875 0.000198958 75.6392
16 8940   -0.00056875 0.000194792 126.372
16 8941   -0.000567361 0.000196875 87.757
16 9010   -0.000506727 0.00018776 165.147
16 9011   -0.00051072 0.000185156 222.471
16 9012   -0.000511285 0.0001875 178.717
16 9013   -0.000509549 0.000189063 162.486
16 9063   -0.000496788 0.000192188 67.8744
16 9064   -0.000493837 0.000189062 164.404
16 9065   -0.000494097 0.00019375 65.5482
16 9066   -0.000492622 0.000192188 68.5977
16 9084   -0.00047296 0.000199219 37.6884
16 9085   -0.000474436 0.000197656 39.9879
16 9086   -0.000471918 0.000197135 44.4259
16 9087   -0.000473394 0.000195573 47.651
16 9188   -0.000505122 0.000192188 68.0673
16 9189   -0.00050217 0.000189062 163.839
16 9190   -0.000504948 0.000189062 162.97
16 9191   -0.000502431 0.00019375 65.3193
16 9192   -0.000500955 0.000192188 67.7187
16 9246   -0.000511024 0.000198438 35.9309
16 9249   -0.000513694 0.000196745 37.5075
16 9250   -0.000515169 0.000198307 36.8316
16 9251   -0.000514583 -0.000195833 160.517
16 9252   -0.000514583 -0.000191667 230.054
16 9253   -0.000510417 -0.000195833 160.133
16 9254   -0.000510417 -0.000191667 229.746
16 9283   -0.000460417 0.000194792 58.7764
16 9294   -0.00045625 0.000198958 42.2111
16 9295   -0.00045625 0.000194792 62.8116
16 9296   -0.000458333 0.000197917 42.0121
16 9297   -0.000458333 0.000195833 59.2755
16 9313   -0.000403125 -0.000194792 250.08
16 9314   -0.000401042 -0.000196875 250.395
16 9315   -0.000405208 -0.000196875 235.734
16 9316   -0.000403125 -0.000198958 229.416
16 9319   -0.000402083 -0.000145833 268.51
16 9320   -0.000402083 -0.000141667 268.739
16 9327   -0.000572917 0.000198958 91.5073
16 9328   -0.000574306 0.000196875 132.745
16 9329   -0.000572917 0.000194792 143.495
16 9330   -0.000570833 0.000195833 132.177
16 9331   -0.000570833 0.000197917 85.9674
16 9375   -0.000452083 0.000198958 46.8873
16 9376   -0.000452083 0.000194792 61.8441
16 9377   -0.000450694 0.000196875 54.5673
16 9378   -0.000454167 0.000195833 60.9966
16 9379   -0.000454167 0.000197917 45.6648
16 9396   -0.000464583 0.000198958 39.9854
16 9397   -0.000464757 0.000194792 51.9019
16 9398   -0.000466146 0.000196875 44.6152
16 9399   -0.0004625 0.000195833 53.7286
16 9400   -0.0004625 0.000197917 40.802
16 9401   -0.000497917 -0.000195833 162.653
16 9402   -0.000497917 -0.000191667 228.066
16 9403   -0.000502083 -0.000195833 161.113
16 9404   -0.000502083 -0.000191667 228.63
16 9405   -0.000489583 -0.000195833 165.8
16 9406   -0.000489583 -0.000191667 226.529
16 9407   -0.000485417 -0.000195833 166.113
16 9408   -0.000485417 -0.000191667 226.398
16 9419   -0.000422917 -0.000195833 216.137
16 9420   -0.000422917 -0.000191667 244.017
16 9421   -0.000427083 -0.000195833 210.976
16 9422   -0.000427083 -0.000191667 242.217
16 9471   -0.000477083 -0.000195833 167.955
16 9472   -0.000477083 -0.000191667 226.775
16 9473   -0.000472917 -0.000195833 168.802
16 9474   -0.000472917 -0.000191667 227.021
16 9516   -0.000535417 -0.000195833 170.983
16 9517   -0.000535417 -0.000191667 233.729
16 9518   -0.000539583 -0.000195833 172.937
16 9519   -0.000539583 -0.000191667 234.263
16 9576   -0.000522917 -0.000195833 163.767
16 9577   -0.000522917 -0.000191667 231.393
16 9578   -0.000527083 -0.000195833 165.139
16 9579   -0.000527083 -0.000191667 231.793
16 9634   -0.000464583 -0.000195833 172.631
16 9635   -0.000464583 -0.000191667 228.376
16 9636   -0.000460417 -0.000195833 174.328
16 9637   -0.000460417 -0.000191667 228.891
16 9642   -0.000589583 -0.000195833 230.978
16 9643   -0.000589583 -0.000191667 255.989
16 9644   -0.000585417 -0.000195833 227.224
16 9645   -0.000585417 -0.000191667 254.284
16 9696   -0.000538802 0.000189583 165.772
16 9697   -0.00053559 0.000185417 228.928
16 9698   -0.000534418 0.000189583 155.486
16 9699   -0.000535981 0.000191667 155.416
16 9700   -0.000530035 0.000189583 146.432
16 9701   -0.000525673 0.000189714 138.749
16 9702   -0.000527322 0.000191797 136.415
16 9780   -0.000585417 -0.000181641 260.973
16 9781   -0.000577083 -0.00018138 258.055
16 9782   -0.000583333 -0.00018763 255.439
16 9783   -0.000579167 -0.00018763 254.298
16 9859   -0.000486024 0.000198438 35.6333
16 9862   -0.000488715 0.000196875 36.8699
16 9863   -0.000490191 0.000198438 35.5203
16 9927   -0.000452083 -0.000195833 180.771
16 9928   -0.000452083 -0.000191667 231.208
16 9929   -0.000447917 -0.000195833 183.475
16 9930   -0.000447917 -0.000191667 232.039
16 9952   -0.000407292 -0.000196875 234.479
16 9953   -0.000409375 -0.000198958 222.48
16 9954   -0.000409375 -0.000194792 236.605
16 9955   -0.000411458 -0.000196875 226.489
16 9978   -0.000404167 3.33333e-005 269.665
16 10059   -0.000547222 0.000189583 190.317
16 10060   -0.000544444 0.000189583 183.475
16 10061   -0.000547222 0.000185417 233.253
16 10062   -0.000544444 0.000185417 232.224
16 10153   -0.000572917 -0.00018138 257.404
16 10154   -0.000564583 -0.000181641 253.837
16 10155   -0.000570833 -0.00018763 249.486
16 10156   -0.000566667 -0.00018763 248.549
16 10165   -0.000579167 0.000177083 257.98
16 10166   -0.000580556 0.000189583 239.973
16 10167   -0.000577778 0.000189583 237.639
16 10168   -0.000580556 0.000185417 251.527
16 10169   -0.000577778 0.000185417 250.269
16 10173   -0.000433333 -0.000189583 239.803
16 10174   -0.000429167 -0.000189583 241.521
16 10175   -0.000433333 -0.000185417 252.128
16 10176   -0.000429167 -0.000185417 253.349
16 10213   -0.000420833 0.000177083 257.734
16 10214   -0.000422222 0.000189583 236.848
16 10215   -0.000419444 0.000189583 239.195
16 10216   -0.000422222 0.000185417 249.899
16 10217   -0.000419444 0.000185417 251.174
16 10238   -0.000413542 -0.000196875 225.785
16 10239   -0.000415625 -0.000194792 227.855
16 10240   -0.000415625 -0.000198958 212.805
16 10241   -0.000417708 -0.000196875 219.664
16 10259   -0.000564583 -0.000195833 198.321
16 10260   -0.000564583 -0.000191667 242.255
16 10261   -0.000560417 -0.000195833 194.579
16 10262   -0.000560417 -0.000191667 241.241
16 10286   -0.000480773 0.000195573 53.238
16 10287   -0.000480078 0.000197656 36.1634
16 10288   -0.000477648 0.000198698 35.913
16 10289   -0.000476345 0.000197135 39.6103
16 10290   -0.000480078 0.00019349 71.2463
16 10291   -0.000478168 0.000192448 73.8044
16 10292   -0.000476519 0.00019401 69.7641
16 10299   -0.000547917 -0.000195833 181.13
16 10300   -0.000547917 -0.000191667 236.76
16 10301   -0.000552083 -0.000195833 183.76
16 10302   -0.000552083 -0.000191667 237.507
16 10332   -0.000577083 -0.000195833 217.383
16 10333   -0.000577083 -0.000191667 248.39
16 10334   -0.000572917 -0.000195833 212.881
16 10335   -0.000572917 -0.000191667 247.041
16 10336   -0.000435417 -0.000195833 197.159
16 10337   -0.000435417 -0.000191667 236.896
16 10338   -0.000439583 -0.000195833 193.136
16 10339   -0.000439583 -0.000191667 235.624
16 10342   -0.000493273 0.000172656 249.099
16 10379   -0.000510417 -0.000181641 244.46
16 10380   -0.000508333 -0.00018763 234.262
16 10381   -0.000504167 -0.00018763 233.99
16 10382   -0.000504167 -0.000175391 252.458
16 10383   -0.000508333 -0.000175651 252.279
16 10440   -0.000460417 0.000192708 139.569
16 10441   -0.000460764 0.000188542 178.92
16 10442   -0.000462153 0.000190625 152.391
16 10524   -0.000420833 -0.000189583 247.81
16 10525   -0.000420833 -0.000185417 257.028
16 10526   -0.0005023 0.000183073 224.488
16 10527   -0.000503082 0.000180469 235.52
16 10528   -0.000507899 0.000183854 223.038
16 10529   -0.000505642 0.000184896 223.218
16 10578   -0.000552083 -0.00018138 250.802
16 10579   -0.000560417 -0.000181641 253.245
16 10580   -0.000558333 -0.00018763 244.553
16 10581   -0.000554167 -0.00018763 243.805
16 10583   -0.000404167 -3.33333e-005 269.678
16 10604   -0.000495833 -0.000189583 228.215
16 10605   -0.000491667 -0.000189583 227.737
16 10606   -0.000495833 -0.000185417 238.891
16 10607   -0.000491667 -0.000185417 239.247
16 10612   -0.000485677 0.000171354 252.349
16 10616   -0.000429167 0.000177083 255.003
16 10617   -0.000425 0.000183333 248.765
16 10618   -0.000425 0.000179167 256.049
16 10619   -0.000433333 0.000179167 253.21
16 10620   -0.000433333 0.000183333 243.899
16 10624   -0.000447222 0.000189583 204.911
16 10625   -0.000444444 0.000189583 210.485
16 10626   -0.000447222 0.000185417 235.569
16 10627   -0.000444444 0.000185417 236.845
16 10639   -0.000570833 0.000177083 255.279
16 10640   -0.000575 0.000183333 249.188
16 10641   -0.000575 0.000179167 256.292
16 10642   -0.000566667 0.000179167 253.476
16 10643   -0.000566667 0.000183333 244.361
16 10675   -0.000522917 -0.00018138 245.865
16 10676   -0.000514583 -0.000181641 244.577
16 10677   -0.000520833 -0.00018763 236.047
16 10678   -0.000516667 -0.00018763 235.749
16 10705   -0.000539583 -0.000181641 247.575
16 10706   -0.000547917 -0.00018138 250.334
16 10707   -0.000545833 -0.00018763 240.699
16 10708   -0.000541667 -0.00018763 240.192
16 10766   -0.000483333 -0.000189583 227.373
16 10767   -0.000479167 -0.000189583 227.509
16 10768   -0.000483333 -0.000185417 240.17
16 10769   -0.000479167 -0.000185417 240.463
16 10775   -0.000555556 0.000189583 213.374
16 10776   -0.000552778 0.000189583 207.551
16 10777   -0.000555556 0.000185417 237.327
16 10778   -0.000552778 0.000185417 236.112
16 10907   -0.000527083 -0.00018138 246.087
16 10908   -0.000535417 -0.000181641 247.224
16 10909   -0.000533333 -0.00018763 237.978
16 10910   -0.000529167 -0.00018763 237.582
16 10937   -0.000459722 0.000198958 40.11
16 10938   -0.000461111 0.000198958 39.8603
16 10953   -0.000402083 -0.000166667 267.143
16 10983   -0.000539323 0.000166667 259.824
16 10984   -0.000540017 0.000170833 254.5
16 10985   -0.000549045 0.000166667 260.796
16 10986   -0.000549566 0.000170833 256.156
16 11022   -0.000515321 0.000186719 198.278
16 11023   -0.000518793 0.000183594 227.95
16 11024   -0.000517622 0.0001875 201.261
16 11025   -0.000519358 0.000185938 214.792
16 11031   -0.000519705 0.000176042 242.2
16 11032   -0.000521615 0.000178125 241.073
16 11033   -0.000517535 0.000177083 242.327
16 11034   -0.000517882 0.000179167 238.29
16 11050   -0.000445833 -0.000189583 234.28
16 11051   -0.000441667 -0.000189583 235.451
16 11052   -0.000445833 -0.000185417 247.676
16 11053   -0.000441667 -0.000185417 248.685
16 11085   -0.000401389 0.00016875 265.543
16 11086   -0.000404167 0.000164583 265.767
16 11261   -0.000500521 0.000184375 224.089
16 11262   -0.000497743 0.000184375 224.192
16 11263   -0.000500694 0.0001875 168.301
16 11264   -0.000496528 0.0001875 168.422
16 11265   -0.000498003 0.000189063 164.154
16 11282   -0.000429167 0.000172917 259.848
16 11283   -0.000429167 0.000164583 263.167
16 11284   -0.000433333 0.000166667 262.615
16 11285   -0.000433333 0.000170833 259.184
16 11337   -0.000470833 -0.000189583 228.403
16 11338   -0.000466667 -0.000189583 228.852
16 11339   -0.000470833 -0.000185417 241.716
16 11340   -0.000466667 -0.000185417 242.211
16 11363   -0.00045625 0.000192708 144.461
16 11364   -0.00045625 0.000188542 197.285
16 11365   -0.000458333 0.000191667 143.813
16 11366   -0.000458333 0.000189583 186.358
16 11485   -0.000598611 0.00016875 265.771
16 11486   -0.000595833 0.000164583 265.971
16 11487   -0.000595833 0.000172917 264.701
16 11500   -0.000515929 0.000180469 236.47
16 11501   -0.000512457 0.000183594 224.816
16 11502   -0.000516493 0.000182813 227.669
16 11503   -0.000514757 0.000184375 225.294
16 11504   -0.000511892 0.00018125 233.88
16 11505   -0.000513628 0.000179688 236.055
16 11514   -0.000458333 -0.000189583 230.649
16 11515   -0.000454167 -0.000189583 231.412
16 11516   -0.000458333 -0.000185417 244.177
16 11517   -0.000454167 -0.000185417 244.924
16 11518   -0.000496181 0.000182813 225.04
16 11519   -0.000492752 0.000179427 238.286
16 11520   -0.000495703 0.000179427 238.583
16 11521   -0.000491753 0.000182813 225.616
16 11522   -0.000493403 0.000184375 224.686
16 11643   -0.000585417 -0.000169792 265.442
16 11644   -0.000577083 -0.000169531 264.493
16 11645   -0.000583333 -0.000175651 263.013
16 11646   -0.000579167 -0.000175391 262.588
16 11711   -0.000404167 8.33333e-006 269.684
16 11712   -0.000404167 1.66667e-005 269.678
16 11797   -0.000452083 0.000188542 202.38
16 11798   -0.000452083 0.000192708 163.87
16 11799   -0.000450694 0.000190625 190.046
16 11800   -0.000454167 0.000191667 156.699
16 11801   -0.000454167 0.000189583 198.378
16 11832   -0.000564583 -0.000169792 262.887
16 11833   -0.000572917 -0.000169531 264.236
16 11834   -0.000566667 -0.000175651 260.194
16 11835   -0.000570833 -0.000175391 260.655
16 12079   -0.000491102 0.000177865 238.531
16 12080   -0.000490755 0.00017474 247.296
16 12081   -0.000484722 0.000176042 244.362
16 12082   -0.000486892 0.000173958 247.21
16 12165   -0.000401042 -0.000190625 260.874
16 12166   -0.000403125 -0.000192708 258.456
16 12167   -0.000403125 -0.000188542 260.469
16 12168   -0.000405208 -0.000190625 258.139
16 12216   -0.00050204 0.000177865 240.52
16 12217   -0.000505165 0.000171615 251.938
16 12218   -0.000505339 0.00017474 244.917
16 12219   -0.000497396 0.000173437 249.78
16 12220   -0.000498003 0.000177083 240.183
16 12258   -0.000598611 0.00018125 262.499
16 12259   -0.000595833 0.000185417 259.63
16 12260   -0.000595833 0.000177083 262.822
16 12305   -0.000597917 -0.00016901 266.814
16 12306   -0.000589583 -0.000169792 265.703
16 12307   -0.000595833 -0.000175391 265.25
16 12308   -0.000591667 -0.000175651 264.826
16 12359   -0.000404167 0.000160417 266.787
16 12360   -0.000401389 0.00015625 267.254
16 12361   -0.000404167 0.000152083 267.417
16 12395   -0.000404167 0.000139583 268.341
16 12396   -0.000401389 0.00014375 268.212
16 12397   -0.000404167 0.000147917 267.993
16 12628   -0.000589583 -0.000157943 267.569
16 12629   -0.000597917 -0.000156641 268.038
16 12630   -0.000591667 -0.000163672 267.102
16 12631   -0.000595833 -0.000163151 267.266
16 12638   -0.000403125 -0.000186458 262.532
16 12639   -0.000405208 -0.000184375 262.265
16 12640   -0.000401042 -0.000184375 263.766
16 12641   -0.000403125 -0.000182292 263.508
16 12690   -0.000556944 0.000183333 239.033
16 12691   -0.000559722 0.000183333 240.316
16 12692   -0.000556944 0.000179167 250.231
16 12693   -0.000559722 0.000179167 251.068
16 12739   -0.000438889 0.000177083 251.728
16 12740   -0.000436111 0.000177083 252.5
16 12741   -0.000438889 0.000172917 257.966
16 12742   -0.000436111 0.000172917 258.424
16 12744   -0.000443056 0.000158333 264.445
16 12745   -0.000444444 0.000154167 266.009
16 12746   -0.000456944 0.000154167 265.665
16 12747   -0.000455556 0.000158333 263.744
16 12748   -0.000440278 0.000183333 239.851
16 12749   -0.000443056 0.000183333 238.561
16 12750   -0.000440278 0.000179167 250.791
16 12751   -0.000443056 0.000179167 249.954
16 12760   -0.000560417 -0.000169792 262.619
16 12761   -0.000552083 -0.00016901 262.169
16 12762   -0.000554167 -0.000175391 257.855
16 12763   -0.000558333 -0.000175651 258.233
16 12790   -0.000539583 -0.000169792 260.191
16 12791   -0.000547917 -0.00016901 261.952
16 12792   -0.000541667 -0.000175651 255.71
16 12793   -0.000545833 -0.000175391 256.057
16 12813   -0.000563889 0.000177083 252.788
16 12814   -0.000561111 0.000177083 252.018
16 12815   -0.000563889 0.000172917 258.622
16 12816   -0.000561111 0.000172917 258.16
16 12836   -0.000595833 0.000139583 268.46
16 12837   -0.000598611 0.00014375 268.346
16 12838   -0.000595833 0.000147917 268.133
16 12845   -0.000472396 0.000176042 244.361
16 12846   -0.000474175 0.000179688 239.103
16 12847   -0.000475217 0.000177604 243.29
16 12865   -0.0005875 0.000185417 255.528
16 12866   -0.0005875 0.000177083 260.498
16 12867   -0.000591667 0.000179167 261.322
16 12868   -0.000591667 0.000183333 258.383
16 12869   -0.000583333 0.000183333 253.904
16 12870   -0.000583333 0.000179167 258.924
16 12892   -0.000595833 -3.17708e-005 269.713
16 12913   -0.000589583 -0.000146094 268.461
16 12914   -0.00059375 -0.000141146 268.742
16 12915   -0.000597917 -0.000144271 268.687
16 12916   -0.000591667 -0.000151693 268.235
16 12917   -0.000595833 -0.000150911 268.299
16 12922   -0.000409375 -0.000188542 256.584
16 12923   -0.000407292 -0.000190625 257.353
16 12924   -0.000411458 -0.000190625 253.64
16 12925   -0.000409375 -0.000192708 253.927
16 13052   -0.000598611 0.00015625 267.423
16 13053   -0.000595833 0.000160417 266.963
16 13054   -0.000595833 0.000152083 267.573
16 13113   -0.00046059 0.000185417 229.344
16 13114   -0.000463021 0.000183333 229.906
16 13123   -0.000405556 0.000189583 254.472
16 13124   -0.000405556 0.000185417 258.804
16 13125   -0.000402778 0.000185417 259.745
16 13153   -0.000499566 0.000170313 252.604
16 13154   -0.000502257 0.000169792 252.658
16 13155   -0.000503342 0.000164844 259.251
16 13156   -0.000504036 0.000166927 255.885
16 13307   -0.000570833 0.000172917 260.055
16 13308   -0.000570833 0.000164583 263.36
16 13309   -0.000566667 0.000166667 262.791
16 13310   -0.000566667 0.000170833 259.402
16 13383   -0.000487023 0.000181771 231.098
16 13384   -0.000488672 0.000179167 238.025
16 13385   -0.000486155 0.000178125 239.433
16 13417   -0.000404167 0.000135417 268.678
16 13418   -0.000401389 0.00013125 268.771
16 13419   -0.000404167 0.000127083 268.846
16 13480   -0.000551476 0.000152083 266.107
16 13481   -0.000553038 0.000160417 264.209
16 13482   -0.000546788 0.000154167 265.892
16 13483   -0.000547656 0.000158333 264.025
16 13496   -0.000436111 0.000189583 223.846
16 13497   -0.000438889 0.000189583 221.848
16 13498   -0.000436111 0.000185417 241.381
16 13499   -0.000438889 0.000185417 240.098
16 13589   -0.000510981 0.000176823 242.281
16 13590   -0.000507899 0.000175521 245.581
16 13591   -0.000510156 0.000174479 246.655
16 13653   -0.0004125 0.000185417 255.184
16 13654   -0.0004125 0.000177083 260.312
16 13655   -0.000408333 0.000183333 257.986
16 13656   -0.000408333 0.000179167 261.255
16 13657   -0.000416667 0.000183333 253.521
16 13658   -0.000416667 0.000179167 258.727
16 13747   -0.000493229 0.000169792 253.589
16 13748   -0.000489497 0.000169271 253.465
16 13749   -0.000489757 0.000166667 258.303
16 13750   -0.000497179 0.000165365 259.126
16 13751   -0.000496918 0.000167969 254.073
16 13954   -0.000481988 0.000159635 262.852
16 13955   -0.00048355 0.000163802 258.771
16 13956   -0.000487109 0.000164323 258.788
16 14103   -0.000533898 0.000183333 228.767
16 14104   -0.000530339 0.000179167 242.647
16 14105   -0.00053112 0.000185417 227.391
16 14106   -0.000529384 0.000183333 227.617
16 14107   -0.000548611 0.000183333 234.865
16 14108   -0.000551389 0.000183333 235.989
16 14109   -0.000548611 0.000179167 247.5
16 14110   -0.000551389 0.000179167 248.252
16 14150   -0.000420833 0.000172917 261.465
16 14151   -0.000420833 0.000164583 264.074
16 14152   -0.000425 0.000170833 260.823
16 14153   -0.000425 0.000166667 263.546
16 14176   -0.000598611 0.00013125 268.878
16 14177   -0.000595833 0.000135417 268.789
16 14178   -0.000595833 0.000127083 268.944
16 14191   -0.000402083 -0.000158333 267.765
16 14192   -0.000402083 -0.000154167 268.147
16 14230   -0.00053954 0.000179167 244.938
16 14231   -0.000542925 0.000183333 232.042
16 14232   -0.000540061 0.000185417 230.611
16 14233   -0.000538411 0.000183333 230.295
16 14272   -0.000532075 0.000170833 253.08
16 14273   -0.000527995 0.000166667 258.963
16 14274   -0.000595833 1.71875e-005 269.712
16 14275   -0.000595833 8.85417e-006 269.719
16 14326   -0.000404167 0.000114583 269.151
16 14327   -0.000401389 0.00011875 269.105
16 14328   -0.000404167 0.000122917 269.066
16 14395   -0.000427083 -0.000183333 255.144
16 14396   -0.000427083 -0.000179167 260.274
16 14397   -0.000422917 -0.000183333 256.261
16 14398   -0.000422917 -0.000179167 260.946
16 14432   -0.000591667 -0.000135677 268.967
16 14433   -0.000595833 -0.000130469 269.097
16 14434   -0.000583333 -0.000122135 269.271
16 14435   -0.000579167 -0.000126823 269.216
16 14506   -0.000468056 0.000139583 267.878
16 14507   -0.000461111 0.000141667 267.89
16 14508   -0.000459722 0.000145833 267.054
16 14509   -0.000472222 0.000145833 266.929
16 14510   -0.000473611 0.000141667 267.844
16 14530   -0.000579167 0.000172917 261.676
16 14531   -0.000579167 0.000164583 264.275
16 14532   -0.000575 0.000170833 261.05
16 14533   -0.000575 0.000166667 263.733
16 14565   -0.000470833 -0.000177083 252.227
16 14566   -0.000466667 -0.000177083 252.647
16 14567   -0.000470833 -0.000172917 258.459
16 14568   -0.000466667 -0.000172917 258.755
16 14570   -0.000404167 -1.66667e-005 269.685
16 14571   -0.000404167 -8.33333e-006 269.686
16 14616   -0.000510417 -0.000157943 265.23
16 14617   -0.000508333 -0.000151693 266.891
16 14618   -0.000504167 -0.000150911 266.95
16 14619   -0.000508333 -0.000163672 263.484
16 14620   -0.000504167 -0.000163151 263.496
16 14627   -0.000454861 0.000166667 260.33
16 14628   -0.000449306 0.000170833 256.078
16 14639   -0.000483333 -0.000177083 250.892
16 14640   -0.000479167 -0.000177083 251.16
16 14641   -0.000483333 -0.000172917 257.448
16 14642   -0.000479167 -0.000172917 257.688
16 14706   -0.000458333 -0.000177083 254.154
16 14707   -0.000454167 -0.000177083 254.698
16 14708   -0.000458333 -0.000172917 259.721
16 14709   -0.000454167 -0.000172917 260.079
16 14741   -0.000477821 0.000173177 249.827
16 14742   -0.000480512 0.000167448 257.412
16 14743   -0.000481467 0.000171094 252.22
16 14744   -0.000473394 0.000167448 257.705
16 14745   -0.000476172 0.000165365 257.685
16 14757   -0.000556944 0.000170833 257.529
16 14758   -0.000559722 0.000170833 258.005
16 14759   -0.000556944 0.000166667 261.746
16 14760   -0.000559722 0.000166667 262.002
16 14864   -0.000515625 0.000171875 251.138
16 14865   -0.000513368 0.000169792 252.188
16 14866   -0.000511806 0.000172917 248.682
16 14867   -0.000511111 0.000170833 252.57
16 14868   -0.000515799 0.000176042 242.835
16 14869   -0.000513802 0.000173958 249.154
16 14870   -0.000515365 0.000173958 249.484
16 14969   -0.000561111 0.000189583 222.986
16 14970   -0.000563889 0.000189583 224.729
16 14971   -0.000561111 0.000185417 240.542
16 14972   -0.000563889 0.000185417 241.814
16 15012   -0.000537413 0.000139583 267.988
16 15013   -0.000534115 0.000145833 267.065
16 15014   -0.000532726 0.000141667 267.949
16 15056   -0.000597917 -0.000119531 269.328
16 15057   -0.00059375 -0.000116927 269.348
16 15058   -0.00059375 -0.000125 269.257
16 15059   -0.000589583 -0.000122396 269.273
16 15106   -0.000402083 -0.00010625 269.42
16 15107   -0.00040625 -0.000102083 269.438
16 15108   -0.000410417 -0.00010625 269.437
16 15213   -0.000527083 -0.000169531 259.617
16 15214   -0.000535417 -0.000169792 260.003
16 15215   -0.000529167 -0.000175391 253.968
16 15216   -0.000533333 -0.000175651 254.205
16 15242   -0.000407292 -0.000184375 261.899
16 15243   -0.000409375 -0.000186458 260.581
16 15244   -0.000409375 -0.000182292 261.514
16 15245   -0.000411458 -0.000184375 260.235
16 15346   -0.000522917 -0.000158594 265.431
16 15347   -0.000514583 -0.000158333 265.261
16 15397   -0.000401389 0.00010625 269.312
16 15398   -0.000404167 0.000110417 269.288
16 15399   -0.000405556 0.000102083 269.351
16 15404   -0.000445833 -0.000172917 261.183
16 15405   -0.000441667 -0.000172917 261.577
16 15406   -0.000445833 -0.000177083 256.558
16 15407   -0.000441667 -0.000177083 257.182
16 15414   -0.000513542 0.000177865 242.024
16 15415   -0.000512587 0.000176823 242.574
16 15416   -0.000514714 0.000176562 242.895
16 15417   -0.000513759 0.000175521 243.319
16 15647   -0.000405556 0.000177083 262.401
16 15648   -0.000402778 0.000177083 263.031
16 15649   -0.000405556 0.000172917 264.318
16 15650   -0.000402778 0.000172917 264.635
16 15665   -0.000493099 0.000157552 263.339
16 15666   -0.00048941 0.000161458 259.633
16 15667   -0.00048967 0.000158854 263.408
16 15668   -0.000492057 0.000163802 259.304
16 15669   -0.000494748 0.000163281 259.407
16 15670   -0.00049605 0.000158594 263.175
16 15671   -0.000496745 0.000160677 261.025
16 15690   -0.000447222 0.000172917 256.373
16 15691   -0.000444444 0.000172917 256.823
16 15692   -0.000447222 0.000177083 248.939
16 15693   -0.000444444 0.000177083 249.722
16 15998   -0.000402083 9.375e-005 269.443
16 15999   -0.00040625 8.95833e-005 269.459
16 16000   -0.00040625 9.79167e-005 269.445
16 16001   -0.000410417 9.375e-005 269.463
16 16059   -0.000477778 0.000157292 263.066
16 16060   -0.000479167 0.000159375 262.746
16 16061   -0.000475 0.000159375 262.956
16 16062   -0.000476389 0.000161458 262.614
16 16063   -0.000489583 -0.000179167 250.117
16 16064   -0.000489583 -0.000183333 240.228
16 16065   -0.000485417 -0.000179167 250.26
16 16066   -0.000485417 -0.000183333 240.523
16 16147   -0.000527083 -0.000158594 265.478
16 16148   -0.000535417 -0.000158333 265.797
16 16149   -0.000529167 -0.000164063 263.469
16 16150   -0.000533333 -0.000164063 263.526
16 16159   -0.000461806 0.000170833 253.951
16 16160   -0.000465278 0.000172917 253.288
16 16161   -0.000468056 0.000170833 253.38
16 16203   -0.000401042 -0.000178125 265.388
16 16204   -0.000403125 -0.000180208 264.7
16 16205   -0.000403125 -0.000176042 265.238
16 16206   -0.000405208 -0.000178125 264.545
16 16256   -0.000408333 -0.000164583 266.805
16 16257   -0.000404167 -0.000164583 267.005
16 16258   -0.000408333 -0.000160417 267.519
16 16259   -0.000404167 -0.000160417 267.61
16 16260   -0.000495833 -0.000172917 256.291
16 16261   -0.000491667 -0.000172917 256.667
16 16262   -0.000495833 -0.000177083 250.507
16 16263   -0.000491667 -0.000177083 250.486
16 16264   -0.000572917 -0.000158594 266.967
16 16265   -0.000564583 -0.000158333 266.66
16 16266   -0.000570833 -0.000164063 265.652
16 16267   -0.000566667 -0.000164063 265.496
16 16288   -0.000402083 -0.000133333 268.954
16 16289   -0.000402083 -0.000129167 269.094
16 16348   -0.000440278 0.000170833 257.808
16 16349   -0.000443056 0.000170833 257.346
16 16350   -0.000440278 0.000166667 261.832
16 16351   -0.000443056 0.000166667 261.571
16 16502   -0.0005875 0.000172917 263.24
16 16503   -0.0005875 0.000164583 265.142
16 16504   -0.000591667 0.000166667 265.462
16 16505   -0.000591667 0.000170833 264.17
16 16506   -0.000583333 0.000170833 262.638
16 16507   -0.000583333 0.000166667 264.636
16 16520   -0.000552083 -0.000156641 266.665
16 16521   -0.000560417 -0.000157943 266.57
16 16522   -0.000558333 -0.000163672 264.996
16 16523   -0.000554167 -0.000163151 264.854
16 16676   -0.000472917 -0.000183333 241.922
16 16677   -0.000472917 -0.000179167 251.417
16 16678   -0.000477083 -0.000183333 241.509
16 16679   -0.000477083 -0.000179167 251.063
16 16685   -0.0004125 0.000172917 263.02
16 16686   -0.0004125 0.000164583 264.939
16 16687   -0.000408333 0.000170833 263.94
16 16688   -0.000408333 0.000166667 265.268
16 16689   -0.000416667 0.000166667 264.445
16 16690   -0.000416667 0.000170833 262.404
16 16691   -0.000539583 -0.000157943 265.861
16 16692   -0.000547917 -0.000156641 266.597
16 16693   -0.000545833 -0.000163151 264.296
16 16694   -0.000541667 -0.000163672 264.172
16 16695   -0.000429167 0.000160417 265.169
16 16696   -0.000429167 0.000152083 266.579
16 16697   -0.000433333 0.000154167 266.424
16 16698   -0.000433333 0.000158333 264.932
16 16792   -0.000402083 8.125e-005 269.528
16 16793   -0.00040625 8.54167e-005 269.534
16 16794   -0.00040625 7.70833e-005 269.54
16 16795   -0.000410417 8.125e-005 269.546
16 16803   -0.000460417 -0.000179167 253.232
16 16804   -0.000460417 -0.000183333 244.134
16 16805   -0.000464583 -0.000179167 252.727
16 16806   -0.000464583 -0.000183333 243.497
16 16838   -0.000448611 0.000183333 235.501
16 16839   -0.000448611 0.000179167 247.976
16 16840   -0.000451389 0.000179167 247.166
16 16880   -0.000594444 0.000102083 269.417
16 16881   -0.000595833 0.000110417 269.358
16 16882   -0.000598611 0.00010625 269.383
16 16963   -0.000561806 0.000152083 266.435
16 16964   -0.000557726 0.000158333 264.614
16 16965   -0.000557031 0.000154167 266.211
16 16974   -0.000577083 -0.000147526 268.227
16 16975   -0.000585417 -0.000146745 268.426
16 17004   -0.000528472 0.000177083 242.43
16 17005   -0.000524566 0.000172917 251.923
16 17006   -0.000525694 0.000179167 241.47
16 17007   -0.000523785 0.000177083 241.552
16 17008   -0.000529297 0.000172917 252.563
16 17009   -0.0005273 0.000170833 252.402
16 17014   -0.000572917 -0.000136458 268.835
16 17015   -0.000564583 -0.000135938 268.877
16 17147   -0.00040625 -8.95833e-005 269.533
16 17148   -0.000402083 -9.375e-005 269.52
16 17149   -0.000410417 -9.375e-005 269.537
16 17150   -0.00040625 -9.79167e-005 269.523
16 17176   -0.000452083 -0.000183333 246.463
16 17177   -0.000452083 -0.000179167 254.948
16 17178   -0.000447917 -0.000183333 247.344
16 17179   -0.000447917 -0.000179167 255.579
16 17210   -0.000468229 0.000182292 230.806
16 17211   -0.000466493 0.000186458 225.455
16 17212   -0.000465451 0.000184375 229.249
16 17262   -0.000469271 0.000180208 239.375
16 17263   -0.000471875 0.000179167 239.33
16 17264   -0.000470833 0.000177083 244.436
16 17304   -0.000453472 0.000177083 246.726
16 17305   -0.000459028 0.000172917 254.327
16 17306   -0.000459549 0.000177083 245.314
16 17307   -0.000456771 0.000179167 245.501
16 17308   -0.000455556 0.000170833 254.982
16 17309   -0.000452778 0.000172917 255.423
16 17369   -0.000433333 -0.000177083 259.213
16 17370   -0.000429167 -0.000177083 259.85
16 17371   -0.000433333 -0.000172917 262.732
16 17372   -0.000429167 -0.000172917 263.133
16 17465   -0.000547049 0.000177083 247.252
16 17466   -0.00054349 0.000172917 254.853
16 17467   -0.000546615 0.000172917 255.22
16 17468   -0.000542405 0.000177083 245.838
16 17469   -0.000544141 0.000179167 246.271
16 17487   -0.00059375 8.95833e-005 269.514
16 17488   -0.000597917 9.375e-005 269.503
16 17489   -0.000589583 9.375e-005 269.516
16 17490   -0.00059375 9.79167e-005 269.504
16 17495   -0.000403125 -0.000173958 266.026
16 17496   -0.000405208 -0.000171875 265.924
16 17497   -0.000401042 -0.000171875 266.45
16 17498   -0.000403125 -0.000169792 266.316
16 17541   -0.000583333 -0.000102865 269.551
16 17542   -0.000595833 -0.00010599 269.482
16 17543   -0.000591667 -0.000111719 269.444
16 17689   -0.000495833 -0.000164583 262.467
16 17690   -0.000491667 -0.000164583 262.351
16 17691   -0.000495833 -0.000160417 264.709
16 17692   -0.000491667 -0.000160417 264.789
16 17693   -0.000572917 -0.000147526 268.19
16 17694   -0.000564583 -0.000146745 268.166
16 17695   -0.000566667 -0.000152734 267.559
16 17696   -0.000570833 -0.000152995 267.618
16 17697   -0.000570833 -0.000141797 268.577
16 17698   -0.000566667 -0.000141276 268.556
16 17742   -0.00052921 0.000158333 263.072
16 17743   -0.000524609 0.000154167 265.403
16 17787   -0.000474891 0.00018151 232.601
16 17788   -0.00048023 0.000179948 235.726
16 17789   -0.000483268 0.000179948 236.166
16 17790   -0.000483963 0.000182031 230.773
16 17791   -0.000477908 0.000181771 232.487
16 17792   -0.000481207 0.00018737 200.754
16 17793   -0.00048303 0.000186328 204.104
16 17794   -0.000482487 0.000184115 224.719
16 17795   -0.000478852 0.000183464 226.542
16 17796   -0.000480957 0.000184245 225.041
16 17797   -0.000480371 0.000186068 217.186
16 17798   -0.00047564 0.000185547 222.341
16 17799   -0.000478863 0.000185938 217.976
16 17800   -0.000477669 0.000184635 223.362
16 17801   -0.000477083 0.000188542 167.738
16 17802   -0.000475347 0.000188542 167.507
16 17803   -0.000477702 0.000186849 216.115
16 17804   -0.000475966 0.000186849 216.532
16 17809   -0.000597917 8.125e-005 269.58
16 17810   -0.00059375 8.54167e-005 269.585
16 17811   -0.00059375 7.70833e-005 269.588
16 17812   -0.000589583 8.125e-005 269.592
16 17830   -0.000465972 0.000158333 263.147
16 17831   -0.000471528 0.000154167 265.395
16 17832   -0.000472222 0.000158333 263.004
16 17833   -0.000469444 0.000160417 262.989
16 17887   -0.000402083 -0.000120833 269.227
16 17888   -0.000402083 -0.000116667 269.313
16 17894   -0.000525434 0.000182292 228.408
16 17895   -0.000527257 0.000184375 226.913
16 17896   -0.000526042 0.000186458 224.034
16 17897   -0.000523611 0.000185417 223.017
16 17898   -0.000523264 0.000183333 228.406
16 17919   -0.000402083 -8.125e-005 269.581
16 17920   -0.00040625 -8.54167e-005 269.585
16 17921   -0.00040625 -7.70833e-005 269.59
16 17922   -0.000410417 -8.125e-005 269.594
16 17927   -0.000443056 0.000139583 268.017
16 17928   -0.000447222 0.000145833 267.219
16 17929   -0.000448611 0.000141667 267.957
16 17930   -0.000408333 -0.000147917 268.431
16 17931   -0.000404167 -0.000147917 268.453
16 17932   -0.000408333 -0.000152083 268.013
16 17933   -0.000404167 -0.000152083 268.097
16 17985   -0.000415625 -0.000182292 259.328
16 17986   -0.000413542 -0.000184375 259.82
16 17987   -0.000417708 -0.000184375 257.987
16 17988   -0.000415625 -0.000186458 258.413
16 18048   -0.000522917 -0.000147526 267.658
16 18049   -0.000520833 -0.000152995 266.637
16 18050   -0.000516667 -0.000152734 266.615
16 18151   -0.000508333 0.000167708 256.091
16 18152   -0.000506597 0.000167708 255.954
16 18153   -0.000509028 0.000169792 252.97
16 18154   -0.000507292 0.000169792 252.927
16 18170   -0.000497917 -0.000170833 256.182
16 18171   -0.000497917 -0.000166667 262.59
16 18172   -0.000502083 -0.000171094 255.781
16 18173   -0.000502083 -0.000166927 262.671
16 18174   -0.000597917 -9.47917e-005 269.564
16 18175   -0.00059375 -0.000100781 269.538
16 18176   -0.000589583 -9.86979e-005 269.548
16 18312   -0.000510417 -0.000134245 268.804
16 18313   -0.000508333 -0.000139714 268.584
16 18314   -0.000504167 -0.000138672 268.581
16 18384   -0.000472222 0.000173958 250.632
16 18385   -0.000470833 0.000171875 253.16
16 18386   -0.000474783 0.000172656 250.142
16 18387   -0.000473394 0.000170573 253.74
16 18412   -0.000527083 -0.000147526 267.682
16 18413   -0.000535417 -0.000146745 267.912
16 18414   -0.000533333 -0.000152734 266.9
16 18415   -0.000529167 -0.000152995 266.854
16 18450   -0.000407292 -0.000178125 264.341
16 18451   -0.000409375 -0.000176042 264.122
16 18452   -0.000409375 -0.000180208 263.616
16 18453   -0.000411458 -0.000178125 263.424
16 18506   -0.000579167 -8.33333e-006 269.718
16 18507   -0.000583333 -2.03125e-005 269.716
16 18508   -0.000591667 -2.23958e-005 269.717
16 18509   -0.000591667 1.5625e-006 269.719
16 18510   -0.000583333 2.60417e-006 269.718
16 18512   -0.000595833 -7.29167e-006 269.72
16 18513   -0.000595833 -1.5625e-005 269.718
16 18549   -0.000579167 0.000160417 265.881
16 18550   -0.000579167 0.000152083 267.007
16 18555   -0.000420833 0.000160417 265.707
16 18556   -0.000420833 0.000152083 266.859
16 18557   -0.000425 0.000158333 265.47
16 18558   -0.000425 0.000154167 266.706
16 18694   -0.000479167 -0.000160417 265.024
16 18695   -0.000483333 -0.000160417 264.968
16 18696   -0.000479167 -0.000164583 262.403
16 18697   -0.000483333 -0.000164583 262.334
16 18742   -0.000435417 -0.000179167 258.261
16 18743   -0.000435417 -0.000183333 251.523
16 18744   -0.000439583 -0.000179167 257.563
16 18745   -0.000439583 -0.000183333 250.436
16 18798   -0.000555556 0.000172917 256.99
16 18799   -0.000552778 0.000172917 256.546
16 18800   -0.000555556 0.000177083 250.013
16 18801   -0.000552778 0.000177083 249.238
16 18961   -0.000585417 -0.000158333 267.473
16 18962   -0.000577083 -0.000158594 267.063
16 18963   -0.000579167 -0.000152995 267.836
16 18964   -0.000583333 -0.000152734 267.898
16 18965   -0.000583333 -0.000164063 266.445
16 18966   -0.000579167 -0.000164063 266.29
16 19068   -0.000436111 0.000164583 262.355
16 19069   -0.000438889 0.000164583 262.102
16 19070   -0.000436111 0.000160417 264.712
16 19071   -0.000438889 0.000160417 264.587
16 19110   -0.000489583 -0.00011875 269.359
16 19111   -0.00049375 -0.000114583 269.356
16 19112   -0.000497917 -0.00011875 269.36
16 19121   -0.000595833 0.000122917 269.156
16 19122   -0.000595833 0.000114583 269.231
16 19123   -0.000598611 0.00011875 269.193
16 19158   -0.000539583 -0.000146094 267.931
16 19159   -0.000547917 -0.000145313 268.133
16 19160   -0.000545833 -0.000150911 267.375
16 19161   -0.000541667 -0.000151693 267.33
16 19162   -0.000521528 0.000182292 229.013
16 19163   -0.000519965 0.000182292 229.07
16 19164   -0.000521181 0.000180208 239.034
16 19165   -0.000519618 0.000180208 238.666
16 19166   -0.000508333 -9.97396e-005 269.6
16 19167   -0.000508333 -0.000111719 269.494
16 19168   -0.000504167 -0.00010599 269.548
16 19323   -0.00040625 6.45833e-005 269.592
16 19324   -0.000402083 6.875e-005 269.584
16 19325   -0.000410417 6.875e-005 269.596
16 19326   -0.00040625 7.29167e-005 269.588
16 19674   -0.000408333 -0.000139583 268.699
16 19675   -0.000404167 -0.000139583 268.729
16 19676   -0.000408333 -0.000135417 268.937
16 19677   -0.000404167 -0.000135417 268.935
16 19682   -0.000459722 0.000120833 269.2
16 19683   -0.000461111 0.000129167 268.67
16 19684   -0.000455556 0.000133333 268.683
16 19692   -0.000466667 -0.000164583 262.923
16 19693   -0.000470833 -0.000164583 262.778
16 19694   -0.000466667 -0.000160417 265.315
16 19695   -0.000470833 -0.000160417 265.229
16 19810   -0.000535677 0.000164583 259.623
16 19811   -0.000531424 0.000160417 263.148
16 19812   -0.000532856 0.000166667 259.361
16 19813   -0.000530773 0.000164583 259.228
16 19861   -0.000402083 5.625e-005 269.622
16 19862   -0.00040625 6.04167e-005 269.626
16 19863   -0.00040625 5.20833e-005 269.627
16 19864   -0.000410417 5.625e-005 269.631
16 19924   -0.000570833 0.000147917 267.608
16 19925   -0.000569965 0.000139583 268.184
16 19963   -0.0005875 0.000152083 267.288
16 19964   -0.0005875 0.000160417 266.428
16 19965   -0.000583333 0.000158333 266.193
16 19966   -0.000583333 0.000154167 267.133
16 19967   -0.000591667 0.000154167 267.401
16 19968   -0.000591667 0.000158333 266.748
16 20023   -0.000560417 -0.000146094 268.132
16 20024   -0.000552083 -0.000145313 268.154
16 20025   -0.000554167 -0.000150911 267.523
16 20026   -0.000558333 -0.000151693 267.568
16 20051   -0.0004125 0.000152083 267.134
16 20052   -0.0004125 0.000160417 266.254
16 20053   -0.000416667 0.000154167 266.986
16 20054   -0.000416667 0.000158333 266.011
16 20055   -0.000408333 0.000158333 266.565
16 20056   -0.000408333 0.000154167 267.247
16 20255   -0.000510417 -0.000122396 269.284
16 20256   -0.000502083 -0.000119531 269.36
16 20257   -0.00050625 -0.000116927 269.383
16 20258   -0.000504167 -0.000126432 269.185
16 20259   -0.000508333 -0.000127734 269.179
16 20397   -0.000597917 6.875e-005 269.63
16 20398   -0.00059375 6.45833e-005 269.635
16 20399   -0.00059375 7.29167e-005 269.633
16 20400   -0.000589583 6.875e-005 269.638
16 20501   -0.000589583 -7.60417e-005 269.655
16 20502   -0.000597917 -8.02083e-005 269.625
16 20503   -0.000470833 -0.000108333 269.533
16 20586   -0.000440972 0.000152083 266.259
16 20587   -0.000436806 0.000152083 266.337
16 20588   -0.000442361 0.000147917 267.256
16 20589   -0.000438194 0.000147917 267.294
16 20711   -0.000430556 0.000139583 268.103
16 20712   -0.000429167 0.000147917 267.492
16 20713   -0.000434722 0.000145833 267.422
16 20714   -0.000436111 0.000141667 268.031
16 20719   -0.000402083 -6.875e-005 269.622
16 20720   -0.00040625 -6.45833e-005 269.628
16 20721   -0.00040625 -7.29167e-005 269.626
16 20722   -0.000410417 -6.875e-005 269.632
16 20802   -0.00053125 0.000147917 266.999
16 20803   -0.000527778 0.000147917 266.979
16 20804   -0.000532552 0.000152083 265.572
16 20805   -0.000527387 0.000152083 265.461
16 20806   -0.000529731 0.000154167 265.507
16 20860   -0.000522222 0.000152083 265.368
16 20902   -0.000509809 0.000180729 233.573
16 20903   -0.000506076 0.000180208 235.807
16 20904   -0.000507552 0.000181771 232.377
16 20905   -0.000509462 0.000178646 239.293
16 20906   -0.000507595 0.000178385 238.614
16 20922   -0.000408333 -0.000127083 269.091
16 20923   -0.000404167 -0.000127083 269.098
16 20924   -0.000408333 -0.000122917 269.235
16 20925   -0.000404167 -0.000122917 269.225
16 20993   -0.000597917 5.625e-005 269.664
16 20994   -0.00059375 6.04167e-005 269.666
16 20995   -0.00059375 5.20833e-005 269.667
16 20996   -0.000589583 5.625e-005 269.669
16 21014   -0.000410417 -0.000166667 266.531
16 21015   -0.000414583 -0.000166667 266.335
16 21016   -0.000414583 -0.000170833 265.046
16 21027   -0.000458333 -0.000160417 265.6
16 21028   -0.000454167 -0.000160417 265.712
16 21029   -0.000458333 -0.000164583 263.464
16 21030   -0.000454167 -0.000164583 263.648
16 21263   -0.000402083 -5.625e-005 269.649
16 21264   -0.00040625 -6.04167e-005 269.652
16 21265   -0.00040625 -5.20833e-005 269.654
16 21266   -0.000410417 -5.625e-005 269.657
16 21400   -0.000497917 -9.375e-005 269.626
16 21401   -0.00049375 -8.95833e-005 269.615
16 21402   -0.00049375 -9.79167e-005 269.635
16 21403   -0.000489583 -9.375e-005 269.623
16 21422   -0.000527083 -0.000136458 268.752
16 21423   -0.000535417 -0.000135938 268.834
16 21424   -0.000529167 -0.000141797 268.399
16 21425   -0.000533333 -0.000141276 268.401
16 21581   -0.000497917 -0.000183333 239.023
16 21582   -0.000497917 -0.000179167 250.373
16 21583   -0.000502083 -0.000183464 238.757
16 21584   -0.000502083 -0.000179297 250.338
16 21585   -0.000457639 0.000164583 260.075
16 21586   -0.000459028 0.000160417 263.339
16 21587   -0.000463194 0.000160417 263.231
16 21588   -0.000463889 0.000164583 259.434
16 21589   -0.000461111 0.000166667 259.697
16 21659   -0.00053125 -0.000122917 269.227
16 21660   -0.000527083 -0.000126042 269.2
16 21661   -0.000535417 -0.000126563 269.166
16 21662   -0.000529167 -0.00013125 269.045
16 21663   -0.000533333 -0.00013125 269.047
16 21668   -0.000561111 0.000164583 262.281
16 21669   -0.000563889 0.000164583 262.537
16 21670   -0.000561111 0.000160417 264.752
16 21671   -0.000563889 0.000160417 264.884
16 21727   -0.000569444 0.000189583 229.423
16 21728   -0.000572222 0.000189583 231.535
16 21729   -0.000569444 0.000185417 245.434
16 21730   -0.000572222 0.000185417 246.706
16 21810   -0.000525868 0.000164583 258.871
16 21811   -0.000521441 0.000160417 262.766
16 21812   -0.000524175 0.000158333 262.886
16 21813   -0.000526432 0.000160417 262.948
16 21831   -0.00053776 0.000177083 244.642
16 21832   -0.000534028 0.000172917 253.228
16 21833   -0.000537153 0.000172917 253.566
16 21834   -0.000534939 0.000179167 243.763
16 21835   -0.000533116 0.000177083 243.489
16 21844   -0.000427778 0.000189583 230.942
16 21845   -0.000430556 0.000189583 228.818
16 21846   -0.000427778 0.000185417 246.263
16 21847   -0.000430556 0.000185417 244.983
16 21870   -0.000558333 -0.000115365 269.4
16 21871   -0.000566667 -0.000107552 269.542
16 21872   -0.000566667 -0.000117969 269.399
16 21873   -0.000570833 -0.000113802 269.409
16 21951   -0.000511285 0.000163542 259.156
16 21952   -0.000512674 0.000167708 256.699
16 21953   -0.000509722 0.000166667 256.508
16 21954   -0.000509028 0.000164583 259.21
16 22053   -0.000519097 0.000158333 262.707
16 22054   -0.000514236 0.000154167 265.246
16 22055   -0.000516319 0.000160417 262.553
16 22056   -0.000513889 0.000158333 262.563
16 22057   -0.000517014 0.000152083 265.29
16 22058   -0.000519444 0.000154167 265.318
16 22251   -0.000541406 0.000160417 263.59
16 22252   -0.000544705 0.000160417 263.716
16 22253   -0.000542188 0.000164583 260.373
16 22254   -0.000545486 0.000164583 260.596
16 22425   -0.000597917 -6.77083e-005 269.662
16 22426   -0.000589583 -6.35417e-005 269.679
16 22427   -0.000591667 -7.08333e-005 269.658
16 22428   -0.000595833 -7.29167e-005 269.656
16 22433   -0.000582031 0.000102083 269.427
16 22434   -0.000584983 0.000110417 269.386
16 22435   -0.000588976 0.000104167 269.425
16 22436   -0.000590365 0.000108333 269.369
16 22518   -0.000545833 -9.94792e-005 269.594
16 22519   -0.000554167 -9.94792e-005 269.589
16 22520   -0.000554167 -0.000109115 269.537
16 22521   -0.000558333 -0.000105469 269.542
16 22679   -0.000522526 0.000170833 251.768
16 22680   -0.000523134 0.000166667 258.6
16 22681   -0.000520964 0.000164583 258.613
16 22682   -0.000517752 0.000170833 251.359
16 22683   -0.000519835 0.000172917 251.218
16 22688   -0.000402083 0.000192708 255.073
16 22689   -0.000400694 0.000190625 257.452
16 22690   -0.000403472 0.000190625 255.373
16 22691   -0.000402083 0.000188542 257.778
16 22739   -0.000514583 -0.000135156 268.814
16 22740   -0.000522917 -0.000136458 268.747
16 22741   -0.000516667 -0.000141276 268.434
16 22742   -0.000520833 -0.000141797 268.424
16 22788   -0.0005875 0.000122917 269.18
16 22789   -0.000583507 0.00011875 269.2
16 22790   -0.000586285 0.000114583 269.219
16 22791   -0.000591667 0.000116667 269.224
16 22792   -0.000591667 0.000120833 269.169
16 22799   -0.000471007 0.000186458 222.984
16 22800   -0.00046875 0.000185417 224.652
16 22801   -0.000469792 0.000183333 230.358
16 22802   -0.000473286 0.000185156 222.765
16 22803   -0.000472591 0.000183073 230.573
16 22936   -0.000522917 -0.000169531 259.506
16 22937   -0.000516667 -0.000164063 263.404
16 22938   -0.000520833 -0.000164063 263.406
16 22939   -0.000516667 -0.000175651 252.47
16 22940   -0.000520833 -0.000175391 252.698
16 22990   -0.000525521 0.000146875 266.961
16 22991   -0.000524479 0.000144792 266.957
16 22992   -0.000522743 0.000148958 266.928
16 22993   -0.000521701 0.000146875 266.928
16 23039   -0.000570833 0.000160417 265.343
16 23040   -0.000570833 0.000152083 266.716
16 23041   -0.000566667 0.000154167 266.556
16 23042   -0.000566667 0.000158333 265.114
16 23043   -0.000575 0.000154167 266.844
16 23044   -0.000575 0.000158333 265.652
16 23250   -0.000522917 -0.000125391 269.201
16 23251   -0.000514583 -0.000123568 269.287
16 23252   -0.000516667 -0.000129818 269.042
16 23253   -0.000520833 -0.000130599 269.048
16 23258   -0.000445833 -0.000164583 264.271
16 23259   -0.000441667 -0.000164583 264.469
16 23260   -0.000445833 -0.000160417 266.071
16 23261   -0.000441667 -0.000160417 266.21
16 23262   -0.00053928 0.000158333 263.526
16 23263   -0.000534852 0.000154167 265.622
16 23264   -0.000534245 0.000158333 263.284
16 23265   -0.000536415 0.000160417 263.376
16 23270   -0.000533333 -0.000107552 269.552
16 23271   -0.000541667 -0.000115365 269.416
16 23272   -0.000529167 -0.000113802 269.442
16 23273   -0.000533333 -0.000117969 269.427
16 23274   -0.000541667 -0.000105469 269.544
16 23275   -0.000545833 -0.000109115 269.54
16 23329   -0.000409375 -0.000173958 265.363
16 23330   -0.000407292 -0.000171875 265.801
16 23331   -0.000411458 -0.000171875 265.242
16 23332   -0.000409375 -0.000169792 265.691
16 23353   -0.000542882 0.000152083 265.826
16 23354   -0.000541753 0.000147917 267.12
16 23355   -0.000538281 0.000147917 267.097
16 23356   -0.000539974 0.000154167 265.753
16 23357   -0.000537717 0.000152083 265.689
16 23364   -0.000408333 -0.000114583 269.316
16 23365   -0.000404167 -0.000114583 269.317
16 23366   -0.000408333 -0.000110417 269.423
16 23367   -0.000404167 -0.000110417 269.41
16 23434   -0.000497917 -0.000145833 267.72
16 23435   -0.000497917 -0.000141667 268.454
16 23436   -0.000502083 -0.000146354 267.641
16 23437   -0.000502083 -0.000142188 268.493
16 23440   -0.000466667 -0.000104167 269.518
16 23441   -0.000458333 -9.58333e-005 269.605
16 23486   -0.000474306 0.000152083 265.33
16 23487   -0.000479861 0.000147917 266.878
16 23488   -0.000475694 0.000147917 266.883
16 23489   -0.000480556 0.000152083 265.206
16 23490   -0.000477778 0.000154167 265.248
16 23500   -0.000416667 -0.000164583 266.153
16 23501   -0.000420833 -0.000164583 265.937
16 23502   -0.000416667 -0.000160417 267.275
16 23503   -0.000420833 -0.000160417 267.182
16 23704   -0.000552083 -0.000126563 269.162
16 23705   -0.00055625 -0.000123438 269.203
16 23706   -0.000560417 -0.000126563 269.17
16 23767   -0.000489583 -0.000166667 262.144
16 23768   -0.000489583 -0.000170833 257.237
16 23769   -0.000485417 -0.000166667 262.159
16 23770   -0.000485417 -0.000170833 257.466
16 23780   -0.000492925 0.000145833 266.837
16 23781   -0.000497526 0.000141667 267.854
16 23782   -0.00049822 0.000145833 266.811
16 23783   -0.000495964 0.000147917 266.82
16 23892   -0.000420833 -0.000172917 264.245
16 23893   -0.000416667 -0.000172917 264.559
16 23894   -0.000420833 -0.000177083 261.868
16 23895   -0.000413542 -0.000178125 263.207
16 23896   -0.000415625 -0.000180208 262.379
16 23897   -0.000415625 -0.000176042 263.03
16 23898   -0.000417708 -0.000178125 262.215
16 23961   -0.000486762 0.000141667 267.82
16 23962   -0.000483203 0.000141667 267.82
16 23963   -0.000482335 0.000145833 266.869
16 23964   -0.00048546 0.000147917 266.859
16 23965   -0.00048763 0.000145833 266.855
16 24231   -0.000483333 0.000120833 269.228
16 24232   -0.00047691 0.000116667 269.21
16 24233   -0.000471701 0.000120833 269.215
16 24234   -0.000479688 0.000133333 268.682
16 24235   -0.000484549 0.000129167 268.679
16 24270   -0.000410417 -0.000154167 267.902
16 24271   -0.000410417 -0.000158333 267.448
16 24272   -0.000414583 -0.000154167 267.799
16 24273   -0.000414583 -0.000158333 267.367
16 24401   -0.00059375 3.95833e-005 269.689
16 24402   -0.000597917 4.375e-005 269.688
16 24403   -0.000589583 4.375e-005 269.69
16 24404   -0.00059375 4.79167e-005 269.689
16 24461   -0.000413542 -0.000190625 252.771
16 24462   -0.000415625 -0.000192708 248.693
16 24463   -0.000415625 -0.000188542 252.255
16 24464   -0.000417708 -0.000190625 248.851
16 24528   -0.000497917 -8.125e-005 269.664
16 24529   -0.00049375 -8.54167e-005 269.671
16 24530   -0.00049375 -7.70833e-005 269.657
16 24531   -0.000489583 -8.125e-005 269.661
16 24552   -0.000511806 0.000152083 265.215
16 24553   -0.000511719 0.000147917 266.857
16 24554   -0.000509028 0.000154167 265.156
16 24555   -0.000506597 0.000152083 265.154
16 24602   -0.000439583 -0.000166667 264.604
16 24603   -0.000439583 -0.000170833 262.106
16 24604   -0.000435417 -0.000166667 264.816
16 24605   -0.000435417 -0.000170833 262.468
16 24682   -0.0005875 0.000147917 267.947
16 24683   -0.0005875 0.000139583 268.378
16 24684   -0.000591667 0.000141667 268.409
16 24685   -0.000591667 0.000145833 268.053
16 24691   -0.000503993 0.000157292 263.056
16 24692   -0.000501736 0.000158333 263.137
16 24693   -0.000502431 0.000160417 261.442
16 24809   -0.000552083 -0.000135938 268.854
16 24810   -0.000560417 -0.000135938 268.871
16 24811   -0.000554167 -0.00013125 269.054
16 24812   -0.000558333 -0.00013125 269.056
16 24813   -0.000558333 -0.000140625 268.591
16 24814   -0.000554167 -0.000140625 268.577
16 24841   -0.000472917 -0.000166667 262.523
16 24842   -0.000472917 -0.000170833 258.41
16 24843   -0.000477083 -0.000166667 262.389
16 24844   -0.000477083 -0.000170833 258.169
16 24893   -0.000579167 4.16667e-005 269.691
16 24894   -0.000570833 3.33333e-005 269.707
16 24895   -0.000570833 4.16667e-005 269.692
16 25000   -0.00049566 0.000153125 265.018
16 25001   -0.000496701 0.000151042 265.19
16 25129   -0.0004125 0.000147917 267.818
16 25130   -0.0004125 0.000139583 268.268
16 25131   -0.000408333 0.000145833 267.917
16 25132   -0.000408333 0.000141667 268.293
16 25160   -0.000597917 -5.72917e-005 269.686
16 25161   -0.00059375 -5.52083e-005 269.689
16 25162   -0.000595833 -6.25e-005 269.679
16 25163   -0.000591667 -6.04167e-005 269.68
16 25164   -0.000447917 -0.000170833 260.963
16 25165   -0.000447917 -0.000166667 263.98
16 25166   -0.000452083 -0.000170833 260.617
16 25167   -0.000452083 -0.000166667 263.767
16 25205   -0.000557986 0.000135417 268.689
16 25206   -0.000560417 0.00013125 268.774
16 25207   -0.000555382 0.000127083 268.812
16 25304   -0.000495833 -0.000147917 267.81
16 25305   -0.000491667 -0.000147917 267.89
16 25306   -0.000495833 -0.000152083 266.688
16 25307   -0.000491667 -0.000152083 266.666
16 25576   -0.000547917 -0.000135938 268.85
16 25577   -0.000539583 -0.000135938 268.836
16 25578   -0.000545833 -0.000140625 268.538
16 25579   -0.000541667 -0.000140625 268.532
16 25580   -0.000566667 0.000120833 269.223
16 25581   -0.000578299 0.000120833 269.209
16 25582   -0.00057309 0.000116667 269.212
16 25583   -0.000565451 0.000129167 268.776
16 25584   -0.000570312 0.000133333 268.782
16 25585   -0.000579167 0.000135417 268.767
16 25586   -0.000575347 0.00013125 268.789
16 25587   -0.000578125 0.000127083 268.843
16 25592   -0.000410417 -0.000141667 268.662
16 25593   -0.000410417 -0.000145833 268.42
16 25594   -0.000414583 -0.000141667 268.627
16 25595   -0.000414583 -0.000145833 268.409
16 25642   -0.000464583 -0.000166667 262.994
16 25643   -0.000464583 -0.000170833 259.271
16 25644   -0.000460417 -0.000166667 263.18
16 25645   -0.000460417 -0.000170833 259.574
16 25654   -0.000497917 -0.000133333 268.816
16 25655   -0.000497917 -0.000129167 269.155
16 25656   -0.000502083 -0.000133984 268.796
16 25657   -0.000502083 -0.000129818 269.141
16 25713   -0.000483333 -0.000152083 266.674
16 25714   -0.000479167 -0.000152083 266.703
16 25715   -0.000483333 -0.000147917 268.048
16 25716   -0.000479167 -0.000147917 268.068
16 25751   -0.000583333 2.16146e-005 269.71
16 25752   -0.000591667 2.16146e-005 269.711
16 25753   -0.000579167 2.94271e-005 269.707
16 25754   -0.000583333 3.35938e-005 269.706
16 25755   -0.000595833 2.94271e-005 269.704
16 25756   -0.000591667 3.35938e-005 269.705
16 25808   -0.000502083 -8.22917e-005 269.666
16 25809   -0.000510417 -8.64583e-005 269.65
16 25810   -0.00050625 -8.85417e-005 269.647
16 25824   -0.000497917 -0.00010625 269.549
16 25825   -0.00049375 -0.000110417 269.557
16 25826   -0.00049375 -0.000102083 269.535
16 25827   -0.000489583 -0.00010625 269.543
16 25828   -0.000452083 -0.00011875 269.334
16 25829   -0.00045625 -0.000114583 269.327
16 25830   -0.00045625 -0.000122917 269.346
16 25831   -0.000460417 -0.00011875 269.342
16 25862   -0.000410417 -0.000129167 269.081
16 25863   -0.000410417 -0.000133333 268.941
16 25864   -0.000414583 -0.000129167 269.071
16 25865   -0.000414583 -0.000133333 268.948
16 26007   -0.000420833 0.000135417 268.674
16 26008   -0.000422222 0.000127083 268.758
16 26009   -0.000425 0.00013125 268.701
16 26062   -0.000470833 -3.75e-005 269.697
16 26063   -0.0004625 -4.58333e-005 269.698
16 26064   -0.0004625 -2.91667e-005 269.69
16 26065   -0.000454167 -3.75e-005 269.691
16 26164   -0.000505208 0.000163542 259.359
16 26165   -0.000506944 0.000163542 259.345
16 26166   -0.000504514 0.000161458 261.512
16 26167   -0.00050625 0.000161458 261.582
16 26168   -0.000470833 -0.000152083 266.82
16 26169   -0.000466667 -0.000152083 266.858
16 26170   -0.000470833 -0.000147917 268.108
16 26171   -0.000466667 -0.000147917 268.122
16 26218   -0.000429167 -0.000164583 265.265
16 26219   -0.000433333 -0.000164583 265.08
16 26220   -0.000429167 -0.000160417 266.829
16 26221   -0.000433333 -0.000160417 266.68
16 26329   -0.000589583 -8.64583e-005 269.599
16 26330   -0.000591667 -8.125e-005 269.628
16 26331   -0.000595833 -8.33333e-005 269.621
16 26332   -0.000591667 -9.16667e-005 269.583
16 26333   -0.000595833 -8.95833e-005 269.582
16 26393   -0.000558333 -1.25e-005 269.716
16 26394   -0.000541667 -1.25e-005 269.714
16 26395   -0.000570833 -2.91667e-005 269.711
16 26396   -0.0005625 -2.1875e-005 269.711
16 26397   -0.000554167 -2.8125e-005 269.709
16 26398   -0.000558333 -3.80208e-005 269.708
16 26399   -0.000566667 -3.90625e-005 269.709
16 26500   -0.000554167 -6.97917e-005 269.676
16 26501   -0.000545833 -6.97917e-005 269.676
16 26502   -0.000545833 -6.35417e-005 269.697
16 26503   -0.00041875 -0.000114583 269.309
16 26504   -0.000422917 -0.00011875 269.305
16 26505   -0.000410417 -0.000116667 269.315
16 26506   -0.000410417 -0.000120833 269.245
16 26507   -0.000414583 -0.000116667 269.316
16 26508   -0.000414583 -0.000120833 269.257
16 26557   -0.000465104 0.000176042 245.235
16 26558   -0.000463194 0.000180208 242.184
16 26559   -0.000462153 0.000178125 244.746
16 26560   -0.000467708 0.000177083 244.432
16 26561   -0.000466667 0.000179167 241.408
16 26577   -0.000485417 -0.00011875 269.359
16 26578   -0.00048125 -0.000122917 269.369
16 26579   -0.00048125 -0.000114583 269.343
16 26580   -0.000477083 -0.00011875 269.354
16 26581   -0.0004375 2.08333e-005 269.691
16 26582   -0.000445833 1.25e-005 269.693
16 26583   -0.0004375 4.16667e-006 269.691
16 26624   -0.0005625 5.72917e-006 269.713
16 26625   -0.000554167 1.30208e-005 269.71
16 26626   -0.000566667 2.55208e-005 269.707
16 26627   -0.000558333 2.55208e-005 269.706
16 26713   -0.000489583 0.00013125 268.691
16 26714   -0.000494618 0.000127083 268.741
16 26715   -0.000498177 0.000133333 268.574
16 26716   -0.000499566 0.000129167 268.812
16 26717   -0.000489063 0.000139583 267.821
16 26718   -0.000490191 0.000135417 268.633
16 26719   -0.000493837 0.000135417 268.618
16 26720   -0.000492144 0.000141667 267.834
16 26721   -0.000494488 0.000139583 267.838
16 26777   -0.000420833 0.000147917 267.646
16 26778   -0.000420833 0.000139583 268.19
16 26779   -0.000416667 0.000141667 268.231
16 26780   -0.000416667 0.000145833 267.732
16 26781   -0.000425 0.000145833 267.569
16 26782   -0.000425 0.000141667 268.148
16 26818   -0.000420833 4.16667e-005 269.663
16 26819   -0.000420833 3.33333e-005 269.671
16 26820   -0.000429167 4.16667e-005 269.667
16 26821   -0.000429167 3.33333e-005 269.672
16 27003   -0.000519792 0.000127083 268.863
16 27004   -0.000528125 0.000139583 267.936
16 27005   -0.000526042 0.000135417 268.516
16 27006   -0.000521875 0.000135417 268.515
16 27007   -0.000525 0.000141667 267.927
16 27008   -0.000521875 0.000139583 267.911
16 27044   -0.000577083 -0.000136458 268.846
16 27045   -0.00058125 -0.000132031 268.992
16 27046   -0.000585417 -0.000135156 268.956
16 27047   -0.000583333 -0.000141276 268.673
16 27048   -0.000579167 -0.000141797 268.653
16 27075   -0.000579167 0.000147917 267.768
16 27076   -0.000579167 0.000139583 268.287
16 27077   -0.000575 0.000141667 268.236
16 27078   -0.000575 0.000145833 267.691
16 27079   -0.000583333 0.000145833 267.86
16 27080   -0.000583333 0.000141667 268.334
16 27100   -0.000510417 -0.000167839 262.07
16 27101   -0.000510417 -0.000171745 254.856
16 27102   -0.000514583 -0.000167839 262.058
16 27103   -0.000514583 -0.000171745 255.07
16 27110   -0.000422917 -0.000166667 265.63
16 27111   -0.000422917 -0.000170833 263.988
16 27112   -0.000427083 -0.000166667 265.401
16 27113   -0.000427083 -0.000170833 263.64
16 27275   -0.000458333 -0.000152083 267.001
16 27276   -0.000454167 -0.000152083 267.044
16 27277   -0.000458333 -0.000147917 268.162
16 27278   -0.000454167 -0.000147917 268.178
16 27364   -0.000454167 6.66667e-005 269.636
16 27365   -0.000454167 5.83333e-005 269.661
16 27366   -0.000445833 6.66667e-005 269.631
16 27367   -0.000445833 5.83333e-005 269.657
16 27410   -0.000511632 0.000159375 262.522
16 27411   -0.00051059 0.000161458 261.973
16 27412   -0.000509201 0.000157292 262.788
16 27413   -0.000507639 0.000160417 261.822
16 27414   -0.000506944 0.000158333 262.914
16 27463   -0.000470833 0.000165625 258.407
16 27464   -0.000469444 0.000163542 258.983
16 27465   -0.000468056 0.000167708 258.622
16 27466   -0.000466667 0.000165625 259.164
16 27471   -0.00051875 -8.85417e-005 269.648
16 27472   -0.000514583 -8.64583e-005 269.65
16 27473   -0.000522917 -8.22917e-005 269.663
16 27474   -0.00051875 -8.02083e-005 269.664
16 27538   -0.000452083 -0.00010625 269.505
16 27539   -0.00045625 -0.000110417 269.522
16 27540   -0.00045625 -0.000102083 269.5
16 27541   -0.000460417 -0.00010625 269.517
16 27734   -0.000516667 -6.25e-005 269.696
16 27735   -0.000520833 -5.3125e-005 269.703
16 27736   -0.000504167 -5.625e-005 269.7
16 27737   -0.000508333 -6.25e-005 269.695
16 27772   -0.0004875 2.91667e-005 269.688
16 27773   -0.000491667 5.41667e-005 269.676
16 27774   -0.000483333 5.41667e-005 269.674
16 27775   -0.000491667 4.58333e-005 269.694
16 27776   -0.000483333 4.58333e-005 269.692
16 27877   -0.000445833 -1.25e-005 269.696
16 27878   -0.0004375 -2.08333e-005 269.695
16 27879   -0.0004375 -4.16667e-006 269.693
16 27880   -0.000429167 -1.25e-005 269.692
16 27975   -0.000545833 5.83333e-005 269.681
16 27976   -0.000545833 6.66667e-005 269.657
16 27977   -0.000554167 5.83333e-005 269.68
16 27978   -0.000554167 6.66667e-005 269.655
16 28066   -0.000495833 -0.000139583 268.35
16 28067   -0.000491667 -0.000139583 268.297
16 28068   -0.000495833 -0.000135417 268.84
16 28069   -0.000491667 -0.000135417 268.859
16 28100   -0.00050191 0.000151042 265.238
16 28101   -0.00050434 0.000153125 265.139
16 28102   -0.000503299 0.000155208 264.934
16 28103   -0.000500347 0.000154167 264.908
16 28104   -0.000499653 0.000152083 265.226
16 28232   -0.000485417 -9.375e-005 269.622
16 28233   -0.00048125 -9.79167e-005 269.631
16 28234   -0.00048125 -8.95833e-005 269.609
16 28235   -0.000477083 -9.375e-005 269.615
16 28547   -0.000416667 2.91667e-005 269.669
16 28548   -0.000408333 2.91667e-005 269.668
16 28549   -0.000416667 2.08333e-005 269.683
16 28550   -0.000408333 2.08333e-005 269.68
16 28567   -0.00051875 0.000133333 268.507
16 28568   -0.000516667 0.000129167 268.866
16 28569   -0.000510851 0.000129167 268.86
16 28570   -0.000509288 0.000133333 268.513
16 28593   -0.0004125 0.000127083 268.809
16 28594   -0.0004125 0.000135417 268.663
16 28595   -0.000416667 0.000129167 268.79
16 28596   -0.000416667 0.000133333 268.663
16 28597   -0.000408333 0.000133333 268.671
16 28598   -0.000408333 0.000129167 268.828
16 28659   -0.000470833 6.66667e-005 269.649
16 28660   -0.000470833 5.83333e-005 269.671
16 28661   -0.000479167 6.66667e-005 269.652
16 28662   -0.000479167 5.83333e-005 269.674
16 28679   -0.000445833 -0.000152083 267.194
16 28680   -0.000441667 -0.000152083 267.231
16 28681   -0.000445833 -0.000147917 268.228
16 28682   -0.000441667 -0.000147917 268.248
16 28687   -0.000516493 0.000163542 258.869
16 28688   -0.000517752 0.000167708 257.677
16 28689   -0.000518793 0.000165625 258.498
16 28690   -0.000514236 0.000164583 258.957
16 28691   -0.000514931 0.000166667 257.37
16 28717   -0.000558333 9.58333e-005 269.559
16 28718   -0.000566667 9.58333e-005 269.552
16 28719   -0.000561979 0.000108333 269.437
16 28720   -0.000556076 0.000104167 269.439
16 28773   -0.000420833 -0.000152083 267.592
16 28774   -0.000416667 -0.000152083 267.687
16 28775   -0.000420833 -0.000147917 268.396
16 28776   -0.000416667 -0.000147917 268.405
16 28791   -0.000420833 -3.33333e-005 269.683
16 28792   -0.000420833 -4.16667e-005 269.68
16 28793   -0.000429167 -3.33333e-005 269.684
16 28794   -0.000429167 -4.16667e-005 269.682
16 28803   -0.00045625 0.000186458 229.239
16 28804   -0.000456771 0.000182292 233.204
16 28805   -0.00045816 0.000184375 230.176
16 28934   -0.000491667 9.58333e-005 269.578
16 28935   -0.000483333 9.58333e-005 269.574
16 28936   -0.000481597 0.000104167 269.448
16 28937   -0.000493924 0.000104167 269.456
16 28938   -0.000488021 0.000108333 269.46
16 28957   -0.000483854 0.000153125 265.166
16 28958   -0.000486285 0.000151042 265.31
16 28959   -0.000488715 0.000153125 265.066
16 28960   -0.000487717 0.00015651 264.185
16 28961   -0.000484592 0.00015651 264.095
16 29071   -0.000461806 0.000152083 265.608
16 29072   -0.000467361 0.000147917 266.954
16 29073   -0.000463194 0.000147917 266.969
16 29074   -0.000465278 0.000154167 265.541
16 29075   -0.000468056 0.000152083 265.468
16 29197   -0.00044375 -0.000122917 269.337
16 29198   -0.000439583 -0.00011875 269.327
16 29199   -0.000447917 -0.00011875 269.332
16 29200   -0.00044375 -0.000114583 269.32
16 29295   -0.000445139 0.000164583 261.394
16 29296   -0.000446528 0.000160417 264.013
16 29297   -0.000450694 0.000160417 263.897
16 29298   -0.000451389 0.000164583 260.696
16 29299   -0.000448611 0.000166667 261.005
16 29537   -0.000522917 -0.000114323 269.444
16 29538   -0.000514583 -0.000111979 269.493
16 29539   -0.00051875 -0.000109375 269.502
16 29540   -0.000516667 -0.000118359 269.376
16 29541   -0.000520833 -0.000119401 269.382
16 29605   -0.000559115 0.000139583 268.104
16 29606   -0.000561024 0.000147917 267.412
16 29607   -0.000565017 0.000141667 268.12
16 29608   -0.000565885 0.000145833 267.537
16 29729   -0.000469444 0.000135417 268.681
16 29730   -0.000466667 0.00013125 268.676
16 29731   -0.000474653 0.00013125 268.676
16 29732   -0.000471875 0.000127083 268.663
16 29754   -0.000532292 0.000127083 268.871
16 29755   -0.000535938 0.000135417 268.539
16 29756   -0.000527083 0.000129167 268.875
16 29757   -0.000529167 0.000133333 268.525
16 29808   -0.000510417 -0.000148047 267.23
16 29809   -0.000510417 -0.000144141 268.33
16 29810   -0.000514583 -0.000148698 267.203
16 29811   -0.000514583 -0.000144792 268.301
16 29812   -0.000441667 9.58333e-005 269.523
16 29813   -0.000433333 9.58333e-005 269.514
16 29977   -0.000451389 0.000108333 269.421
16 29978   -0.000447222 0.000120833 269.18
16 29979   -0.000452778 0.000116667 269.18
16 29980   -0.000438889 0.000108333 269.397
16 29981   -0.000444444 0.000104167 269.405
16 30185   -0.000579167 -5.67708e-005 269.693
16 30186   -0.000570833 -4.6875e-005 269.705
16 30187   -0.000433333 -0.000152083 267.326
16 30188   -0.000429167 -0.000152083 267.364
16 30189   -0.000433333 -0.000147917 268.33
16 30190   -0.000429167 -0.000147917 268.359
16 30238   -0.000520833 -3.07292e-005 269.706
16 30239   -0.000508333 -4.63542e-005 269.703
16 30240   -0.000516667 -4.32292e-005 269.703
16 30253   -0.000533333 -5.20833e-006 269.711
16 30254   -0.000508333 9.375e-006 269.704
16 30255   -0.000516667 1.77083e-005 269.707
16 30256   -0.000541667 9.375e-006 269.709
16 30257   -0.000533333 1.77083e-005 269.708
16 30323   -0.00058125 -0.000116927 269.407
16 30324   -0.000577083 -0.000114323 269.411
16 30325   -0.000585417 -0.000111979 269.447
16 30326   -0.00058125 -0.000109375 269.45
16 30780   -0.00044375 -0.000110417 269.503
16 30781   -0.000447917 -0.00010625 269.501
16 30782   -0.000439583 -0.00010625 269.487
16 30783   -0.00044375 -0.000102083 269.485
16 31059   -0.000545833 -4.73958e-005 269.705
16 31060   -0.000529167 -5.05208e-005 269.703
16 31061   -0.000541667 -5.78125e-005 269.699
16 31062   -0.000533333 -5.98958e-005 269.7
16 31087   -0.000477083 -0.000129167 269.125
16 31088   -0.000477083 -0.000133333 268.875
16 31089   -0.000472917 -0.000129167 269.122
16 31090   -0.000472917 -0.000133333 268.873
16 31153   -0.000554167 -8.02083e-005 269.663
16 31154   -0.000545833 -8.02083e-005 269.664
16 31245   -0.000445833 -5.83333e-005 269.678
16 31246   -0.000445833 -6.66667e-005 269.66
16 31247   -0.000454167 -5.83333e-005 269.681
16 31248   -0.000454167 -6.66667e-005 269.664
16 31271   -0.000436111 0.000122917 269.172
16 31272   -0.000433333 0.00011875 269.156
16 31273   -0.000441667 0.00011875 269.17
16 31274   -0.000438889 0.000114583 269.154
16 31501   -0.000566667 -9.34896e-005 269.577
16 31502   -0.000558333 -9.55729e-005 269.58
16 31503   -0.000558333 -8.56771e-005 269.631
16 31504   -0.000554167 -8.98438e-005 269.627
16 31520   -0.000504167 5.83333e-005 269.681
16 31521   -0.000504167 6.66667e-005 269.66
16 31522   -0.000495833 5.83333e-005 269.68
16 31523   -0.000495833 6.66667e-005 269.659
16 31660   -0.00043125 -0.000110417 269.482
16 31661   -0.000427083 -0.00010625 269.467
16 31662   -0.000435417 -0.00010625 269.482
16 31663   -0.00043125 -0.000102083 269.466
16 31752   -0.000497917 0.000157292 263.241
16 31753   -0.000499653 0.000157292 263.222
16 31754   -0.000497222 0.000155208 264.921
16 31755   -0.000498958 0.000155208 264.899
16 31981   -0.000585417 -8.64583e-005 269.602
16 31982   -0.00058125 -8.85417e-005 269.603
16 31983   -0.00058125 -8.02083e-005 269.646
16 31984   -0.000577083 -8.22917e-005 269.648
16 32059   -0.000427778 0.000110417 269.371
16 32060   -0.000433333 0.00010625 269.385
16 32061   -0.000430556 0.000102083 269.379
16 32146   -0.000499913 0.000139583 267.858
16 32147   -0.000501215 0.000135417 268.549
16 32148   -0.000504861 0.000135417 268.538
16 32216   -0.0005875 0.000127083 268.902
16 32217   -0.0005875 0.000135417 268.765
16 32218   -0.000583333 0.000133333 268.761
16 32219   -0.000583333 0.000129167 268.879
16 32220   -0.000591667 0.000129167 268.923
16 32221   -0.000591667 0.000133333 268.778
16 32222   -0.000583333 -3.93229e-005 269.708
16 32223   -0.000591667 -5.02604e-005 269.698
16 32224   -0.000583333 -5.07812e-005 269.699
16 32225   -0.000579167 -4.55729e-005 269.704
16 32226   -0.000595833 -4.40104e-005 269.703
16 32227   -0.000591667 -3.82813e-005 269.709
16 32391   -0.000550521 0.000147917 267.24
16 32392   -0.000548264 0.000139583 268.05
16 32393   -0.000555295 0.000145833 267.353
16 32394   -0.000554253 0.000141667 268.064
16 32395   -0.00054349 0.000141667 268.004
16 32396   -0.000544705 0.000145833 267.195
16 32527   -0.000520833 6.66667e-005 269.662
16 32528   -0.000520833 5.83333e-005 269.682
16 32529   -0.000529167 6.66667e-005 269.662
16 32530   -0.000529167 5.83333e-005 269.682
16 32604   -0.000456944 0.000104167 269.422
16 32605   -0.000466667 9.58333e-005 269.558
16 32606   -0.000458333 9.58333e-005 269.551
16 32607   -0.000463715 0.000108333 269.438
16 32608   -0.000469271 0.000104167 269.439
16 32895   -0.00046875 -8.95833e-005 269.599
16 32896   -0.000472917 -9.375e-005 269.613
16 32897   -0.000464583 -9.375e-005 269.606
16 32898   -0.00046875 -9.79167e-005 269.62
16 33570   -0.000566667 -6.32813e-005 269.687
16 33571   -0.000558333 -5.44271e-005 269.7
16 33572   -0.000566667 -5.28646e-005 269.7
16 33573   -0.000570833 -5.75521e-005 269.694
16 33574   -0.000558333 -6.43229e-005 269.689
16 33575   -0.000554167 -6.01563e-005 269.696
16 33687   -0.000485417 -0.000129167 269.129
16 33688   -0.000485417 -0.000133333 268.88
16 33689   -0.000489583 -0.000129167 269.132
16 33690   -0.000489583 -0.000133333 268.874
16 33767   -0.000510764 0.000139583 267.882
16 33768   -0.00051224 0.000135417 268.516
16 33769   -0.000515885 0.000135417 268.513
16 34010   -0.000514106 0.000145833 266.873
16 34011   -0.000519054 0.000141667 267.906
16 34012   -0.00051697 0.000147917 266.889
16 34013   -0.000519401 0.000145833 266.911
16 34014   -0.000516189 0.000139583 267.894
16 34015   -0.000513672 0.000141667 267.892
16 34222   -0.000416667 -2.91667e-005 269.681
16 34223   -0.000408333 -2.91667e-005 269.68
16 34224   -0.000416667 -2.08333e-005 269.689
16 34225   -0.000408333 -2.08333e-005 269.687
16 34439   -0.000499306 0.000161458 261.132
16 34440   -0.000501042 0.000161458 261.231
16 34441   -0.000499523 0.000163802 259.411
16 34442   -0.000501259 0.000163802 259.425
16 34473   -0.00050829 0.000141667 267.881
16 34474   -0.000505339 0.000139583 267.87
16 34475   -0.000502908 0.000141667 267.868
16 34476   -0.000508811 0.000145833 266.844
16 34477   -0.000506467 0.000147917 266.829
16 34602   -0.000418056 0.000102083 269.37
16 34603   -0.000415278 0.000110417 269.326
16 34604   -0.000423611 0.000104167 269.38
16 34605   -0.000422222 0.000108333 269.344
16 34606   -0.000409722 0.000108333 269.303
16 34607   -0.000411111 0.000104167 269.364
16 34738   -0.000414583 6.875e-005 269.599
16 34739   -0.00041875 7.29167e-005 269.61
16 34740   -0.00041875 6.45833e-005 269.601
16 34741   -0.000422917 6.875e-005 269.611
16 35155   -0.000416667 -0.000139583 268.576
16 35156   -0.000420833 -0.000139583 268.54
16 35157   -0.000416667 -0.000135417 268.96
16 35158   -0.000420833 -0.000135417 268.965
16 35644   -0.00056875 -0.000122917 269.229
16 35645   -0.000572917 -0.000126042 269.21
16 35646   -0.000564583 -0.000126563 269.173
16 35647   -0.000566667 -0.00013125 269.068
16 35648   -0.000570833 -0.00013125 269.071
16 35666   -0.000479167 -0.000139583 268.17
16 35667   -0.000483333 -0.000139583 268.176
16 35668   -0.000479167 -0.000135417 268.879
16 35669   -0.000483333 -0.000135417 268.882
16 36080   -0.00050625 9.79167e-005 269.587
16 36081   -0.000510417 9.375e-005 269.575
16 36082   -0.000502083 9.375e-005 269.576
16 36083   -0.00050625 8.95833e-005 269.562
16 36136   -0.0004125 0.000122917 269.099
16 36137   -0.000413889 0.000114583 269.144
16 36138   -0.000416667 0.00011875 269.126
16 36139   -0.000408333 0.000120833 269.084
16 36140   -0.000408333 0.000116667 269.146
16 36217   -0.000414583 9.375e-005 269.468
16 36218   -0.00041875 9.79167e-005 269.482
16 36219   -0.00041875 8.95833e-005 269.473
16 36220   -0.000422917 9.375e-005 269.489
16 36599   -0.000516667 5.41667e-005 269.679
16 36600   -0.000508333 5.41667e-005 269.678
16 36601   -0.000516667 4.58333e-005 269.7
16 36602   -0.000508333 4.58333e-005 269.699
16 36663   -0.000504167 -1.14583e-005 269.706
16 36664   -0.0005125 -2.08333e-006 269.708
16 36665   -0.000520833 -8.33333e-006 269.71
16 36666   -0.000516667 -2.03125e-005 269.707
16 36667   -0.000508333 -2.23958e-005 269.706
16 36770   -0.00044375 -8.95833e-005 269.574
16 36771   -0.000447917 -9.375e-005 269.588
16 36772   -0.000439583 -9.375e-005 269.577
16 36773   -0.00044375 -9.79167e-005 269.591
16 37021   -0.00054375 8.95833e-005 269.557
16 37022   -0.000547917 9.375e-005 269.564
16 37023   -0.000539583 9.375e-005 269.571
16 37024   -0.00054375 9.79167e-005 269.581
16 38370   -0.000460417 -0.000154167 266.928
16 38371   -0.000460417 -0.000158333 265.537
16 38372   -0.000464583 -0.000154167 266.88
16 38373   -0.000464583 -0.000158333 265.45
16 38404   -0.00054401 0.000127083 268.858
16 38405   -0.000546962 0.000135417 268.592
16 38406   -0.000539149 0.000129167 268.875
16 38407   -0.000540712 0.000133333 268.566
16 38408   -0.000551823 0.000133333 268.646
16 38409   -0.000550434 0.000129167 268.848
16 38471   -0.000466667 -0.000135417 268.874
16 38472   -0.000470833 -0.000135417 268.873
16 38473   -0.000466667 -0.000139583 268.195
16 38474   -0.000470833 -0.000139583 268.187
16 38490   -0.000585417 6.875e-005 269.639
16 38491   -0.00058125 7.29167e-005 269.647
16 38492   -0.00058125 6.45833e-005 269.639
16 38493   -0.000577083 6.875e-005 269.646
16 38517   -0.00040625 4.79167e-005 269.65
16 38518   -0.000410417 4.375e-005 269.656
16 38519   -0.000402083 4.375e-005 269.648
16 38520   -0.00040625 3.95833e-005 269.654
16 38595   -0.000479167 -5.83333e-005 269.693
16 38596   -0.000479167 -6.66667e-005 269.676
16 38597   -0.000470833 -5.83333e-005 269.69
16 38598   -0.000470833 -6.66667e-005 269.674
16 38787   -0.000495833 -4.16667e-005 269.702
16 38788   -0.000495833 -3.33333e-005 269.701
16 38789   -0.000504167 -4.01042e-005 269.702
16 38790   -0.000504167 -3.17708e-005 269.702
16 38825   -0.000483333 8.33333e-006 269.699
16 38826   -0.000495833 -1.25e-005 269.706
16 38827   -0.0004875 -2.08333e-005 269.705
16 38828   -0.0004875 -4.16667e-006 269.704
16 38829   -0.000479167 -1.25e-005 269.702
16 38956   -0.000539583 -0.000126563 269.163
16 38957   -0.00054375 -0.000123438 269.198
16 38958   -0.000547917 -0.000126563 269.162
16 38959   -0.000541667 -0.00013125 269.048
16 38960   -0.000545833 -0.00013125 269.049
16 39767   -0.000530208 0.000102083 269.458
16 39768   -0.000532292 0.00010625 269.46
16 39769   -0.000526042 0.000110417 269.467
16 39999   -0.000441667 7.91667e-005 269.585
16 40000   -0.000433333 7.08333e-005 269.624
16 40001   -0.000441667 7.08333e-005 269.629
16 40166   -0.000452083 0.000186458 231.575
16 40167   -0.000452083 0.000182292 234.922
16 40168   -0.000450694 0.000184375 234.337
16 40169   -0.000454167 0.000185417 230.614
16 40170   -0.000454167 0.000183333 233.988
16 40583   -0.000466667 5.41667e-005 269.665
16 40584   -0.000458333 5.41667e-005 269.662
16 40585   -0.000466667 4.58333e-005 269.687
16 40586   -0.000458333 4.58333e-005 269.685
16 40639   -0.000477083 -0.000154167 266.713
16 40640   -0.000477083 -0.000158333 265.135
16 40641   -0.000472917 -0.000154167 266.751
16 40642   -0.000472917 -0.000158333 265.199
16 41174   -0.000558333 7.91667e-005 269.614
16 41175   -0.000566667 7.08333e-005 269.654
16 41176   -0.000558333 7.08333e-005 269.656
16 41179   -0.000572917 0.000110417 269.419
16 41180   -0.000569618 0.000102083 269.428
16 41181   -0.000567187 0.00010625 269.427
16 41182   -0.000578212 0.000108333 269.399
16 41183   -0.000576649 0.000104167 269.431
16 41274   -0.000495833 -0.000127083 269.135
16 41275   -0.000491667 -0.000127083 269.131
16 41276   -0.000495833 -0.000122917 269.361
16 41277   -0.000491667 -0.000122917 269.366
16 41295   -0.000510417 -7.39583e-005 269.674
16 41296   -0.00050625 -6.77083e-005 269.685
16 41297   -0.000502083 -6.97917e-005 269.684
16 41298   -0.000508333 -7.91667e-005 269.67
16 41299   -0.000504167 -7.70833e-005 269.668
16 42167   -0.000454167 -0.000135417 268.893
16 42168   -0.000458333 -0.000135417 268.884
16 42169   -0.000454167 -0.000139583 268.251
16 42170   -0.000458333 -0.000139583 268.238
16 42267   -0.000427083 8.125e-005 269.568
16 42268   -0.00043125 8.54167e-005 269.583
16 42269   -0.00043125 7.70833e-005 269.567
16 42270   -0.000435417 8.125e-005 269.581
16 42283   -0.000493837 0.00011875 269.226
16 42284   -0.000496094 0.000122917 269.226
16 42285   -0.000499392 0.000114583 269.221
16 42298   -0.000527083 -6.97917e-005 269.686
16 42299   -0.00053125 -6.77083e-005 269.685
16 42300   -0.00053125 -7.60417e-005 269.672
16 42301   -0.000535417 -7.39583e-005 269.671
16 42398   -0.000529167 -2.91667e-005 269.707
16 42399   -0.0005375 -2.1875e-005 269.708
16 42400   -0.000545833 -2.8125e-005 269.709
16 42401   -0.000533333 -3.90625e-005 269.707
16 42402   -0.000541667 -3.80208e-005 269.707
16 42441   -0.000414583 -6.875e-005 269.635
16 42442   -0.00041875 -7.29167e-005 269.643
16 42443   -0.00041875 -6.45833e-005 269.635
16 42444   -0.000422917 -6.875e-005 269.644
16 42467   -0.000514583 9.375e-005 269.575
16 42468   -0.00051875 9.79167e-005 269.587
16 42469   -0.00051875 8.95833e-005 269.561
16 42470   -0.000522917 9.375e-005 269.574
16 42757   -0.000441667 0.00013125 268.692
16 42758   -0.000444444 0.000135417 268.68
16 42759   -0.000447222 0.000127083 268.684
16 42760   -0.00045 0.00013125 268.679
16 43197   -0.000441667 -7.91667e-005 269.627
16 43198   -0.000433333 -7.08333e-005 269.655
16 43199   -0.000441667 -7.08333e-005 269.659
16 43200   -0.000427083 -8.125e-005 269.613
16 43201   -0.00043125 -8.54167e-005 269.625
16 43202   -0.00043125 -7.70833e-005 269.612
16 43203   -0.000435417 -8.125e-005 269.624
16 43375   -0.000452083 -0.000158333 265.865
16 43376   -0.000452083 -0.000154167 267.073
16 43377   -0.000447917 -0.000158333 265.975
16 43378   -0.000447917 -0.000154167 267.125
16 44763   -0.000504167 3.33333e-005 269.692
16 44764   -0.000504167 4.16667e-005 269.695
16 44765   -0.000495833 3.33333e-005 269.691
16 44766   -0.000495833 4.16667e-005 269.694
16 45096   -0.000441667 -0.000139583 268.318
16 45097   -0.000445833 -0.000139583 268.301
16 45098   -0.000441667 -0.000135417 268.949
16 45099   -0.000445833 -0.000135417 268.936
16 45201   -0.000491667 -5.41667e-005 269.695
16 45202   -0.000483333 -5.41667e-005 269.693
16 45203   -0.000491667 -4.58333e-005 269.703
16 45204   -0.000483333 -4.58333e-005 269.702
16 45958   -0.000500608 0.000146875 266.809
16 45959   -0.000501823 0.000148958 266.783
16 45960   -0.000502908 0.000144792 266.826
16 45961   -0.000504123 0.000146875 266.818
16 46118   -0.000485417 -0.000154167 266.625
16 46119   -0.000485417 -0.000158333 264.963
16 46120   -0.000489583 -0.000154167 266.619
16 46121   -0.000489583 -0.000158333 264.91
16 46482   -0.000464583 -0.00011875 269.345
16 46483   -0.00046875 -0.000114583 269.336
16 46484   -0.000472917 -0.00011875 269.352
16 46732   -0.000535417 9.375e-005 269.573
16 46733   -0.00053125 9.79167e-005 269.587
16 46734   -0.00053125 8.95833e-005 269.561
16 46735   -0.000527083 9.375e-005 269.574
16 47062   -0.000464583 -0.000133333 268.875
16 47063   -0.000464583 -0.000129167 269.113
16 47064   -0.000460417 -0.000133333 268.877
16 47065   -0.000460417 -0.000129167 269.108
16 47382   -0.000507292 0.000102083 269.468
16 47383   -0.000511458 0.000110417 269.455
16 47406   -0.000545833 3.33333e-005 269.702
16 47407   -0.000545833 4.16667e-005 269.696
16 47408   -0.000554167 3.33333e-005 269.703
16 47409   -0.000554167 4.16667e-005 269.696
16 48117   -0.00056875 -6.77083e-005 269.676
16 48118   -0.000572917 -6.97917e-005 269.673
16 48119   -0.000564583 -7.39583e-005 269.666
16 48391   -0.000470833 4.16667e-005 269.687
16 48392   -0.000470833 3.33333e-005 269.685
16 48393   -0.000479167 4.16667e-005 269.689
16 48394   -0.000479167 3.33333e-005 269.687
16 48897   -0.000497917 -0.000158333 264.666
16 48898   -0.000497917 -0.000154167 266.739
16 48899   -0.000502083 -0.000158724 264.58
16 48900   -0.000502083 -0.000154557 266.698
16 50028   -0.000429167 -0.000139583 268.417
16 50029   -0.000433333 -0.000139583 268.391
16 50030   -0.000429167 -0.000135417 268.984
16 50031   -0.000433333 -0.000135417 268.98
16 50052   -0.000454861 0.000147917 267.08
16 50053   -0.000450694 0.000147917 267.109
16 50054   -0.000453472 0.000152083 265.88
16 50055   -0.000449306 0.000152083 265.942
16 50365   -0.000517708 0.000102083 269.471
16 50366   -0.0005125 0.000104167 269.475
16 50367   -0.000514583 0.000108333 269.451
16 50368   -0.000520833 0.000108333 269.452
16 50369   -0.000522917 0.000104167 269.472
16 50415   -0.000585417 9.375e-005 269.519
16 50416   -0.00058125 9.79167e-005 269.53
16 50417   -0.00058125 8.95833e-005 269.521
16 50418   -0.000577083 9.375e-005 269.534
16 50460   -0.000466667 -0.000127083 269.11
16 50461   -0.000470833 -0.000127083 269.114
16 50462   -0.000466667 -0.000122917 269.359
16 50463   -0.000470833 -0.000122917 269.362
16 50863   -0.000452083 -0.000129167 269.08
16 50864   -0.000452083 -0.000133333 268.905
16 50865   -0.000447917 -0.000129167 269.071
16 50866   -0.000447917 -0.000133333 268.916
16 51739   -0.000501215 0.000110417 269.461
16 51740   -0.000499132 0.00010625 269.463
16 51741   -0.00050625 0.000108333 269.453
16 51742   -0.000504167 0.000104167 269.465
16 51918   -0.000541667 -9.55729e-005 269.605
16 51919   -0.000533333 -8.67188e-005 269.647
16 51920   -0.000545833 -8.98438e-005 269.629
16 51921   -0.000541667 -8.56771e-005 269.644
16 52183   -0.000513542 0.00011875 269.22
16 52184   -0.000511458 0.000114583 269.226
16 52185   -0.000502691 0.000120833 269.21
16 52186   -0.000504427 0.000116667 269.236
16 52187   -0.000507899 0.000127083 268.835
16 52188   -0.00050408 0.000127083 268.824
16 52189   -0.000509549 0.000122917 269.222
16 52190   -0.000505729 0.000122917 269.22
16 52299   -0.000410417 -4.375e-005 269.674
16 52300   -0.00040625 -4.79167e-005 269.67
16 52301   -0.00040625 -3.95833e-005 269.673
16 52302   -0.000402083 -4.375e-005 269.668
16 52432   -0.000441667 5.41667e-005 269.65
16 52433   -0.000441667 4.58333e-005 269.676
16 52434   -0.000433333 4.58333e-005 269.673
16 52435   -0.000427083 5.625e-005 269.642
16 52436   -0.00043125 6.04167e-005 269.65
16 52437   -0.00043125 5.20833e-005 269.641
16 52438   -0.000435417 5.625e-005 269.648
16 53018   -0.000420833 8.33333e-006 269.688
16 53019   -0.000420833 1.66667e-005 269.685
16 53020   -0.000429167 8.33333e-006 269.689
16 53021   -0.000429167 1.66667e-005 269.687
16 53077   -0.000529167 -0.000103125 269.57
16 53078   -0.000520833 -9.32292e-005 269.629
16 53079   -0.000520833 -0.000104427 269.575
16 53080   -0.000516667 -9.92188e-005 269.598
16 53081   -0.000529167 -9.24479e-005 269.626
16 53082   -0.000533333 -9.71354e-005 269.611
16 53088   -0.000585417 5.625e-005 269.67
16 53089   -0.00058125 5.20833e-005 269.67
16 53090   -0.00058125 6.04167e-005 269.675
16 53091   -0.000577083 5.625e-005 269.674
16 53274   -0.000558333 4.58333e-005 269.695
16 53275   -0.000566667 4.58333e-005 269.694
16 53276   -0.000558333 5.41667e-005 269.677
16 53277   -0.000566667 5.41667e-005 269.676
16 53528   -0.000489583 8.125e-005 269.627
16 53529   -0.00049375 7.70833e-005 269.62
16 53530   -0.00049375 8.54167e-005 269.64
16 53531   -0.000497917 8.125e-005 269.632
16 53540   -0.000572917 8.125e-005 269.606
16 53541   -0.00056875 8.54167e-005 269.617
16 53542   -0.00056875 7.70833e-005 269.603
16 53543   -0.000564583 8.125e-005 269.613
16 53824   -0.000514583 8.125e-005 269.635
16 53825   -0.00051875 7.70833e-005 269.625
16 53826   -0.00051875 8.54167e-005 269.646
16 53827   -0.000522917 8.125e-005 269.634
16 53994   -0.000435417 -0.000154167 267.287
16 53995   -0.000435417 -0.000158333 266.535
16 53996   -0.000439583 -0.000154167 267.25
16 53997   -0.000439583 -0.000158333 266.391
16 54173   -0.000420833 -0.000127083 269.041
16 54174   -0.000416667 -0.000127083 269.05
16 54175   -0.000420833 -0.000122917 269.284
16 54176   -0.000416667 -0.000122917 269.273
16 55241   -0.000441667 -5.41667e-005 269.673
16 55242   -0.000433333 -5.41667e-005 269.67
16 55243   -0.000441667 -4.58333e-005 269.69
16 55244   -0.000433333 -4.58333e-005 269.687
16 55266   -0.000572917 -8.22917e-005 269.65
16 55267   -0.00056875 -8.77604e-005 269.627
16 55268   -0.000564583 -8.56771e-005 269.631
16 55269   -0.000570833 -7.70833e-005 269.657
16 55270   -0.000566667 -7.91667e-005 269.659
16 55408   -0.00048125 -0.000102083 269.524
16 55409   -0.000485417 -0.00010625 269.541
16 55410   -0.000477083 -0.00010625 269.534
16 55411   -0.00048125 -0.000110417 269.55
16 55884   -0.000464583 8.125e-005 269.61
16 55885   -0.00046875 7.70833e-005 269.607
16 55886   -0.00046875 8.54167e-005 269.624
16 55887   -0.000472917 8.125e-005 269.62
16 56339   -0.00050625 7.70833e-005 269.624
16 56340   -0.000510417 8.125e-005 269.634
16 56341   -0.000502083 8.125e-005 269.634
16 56342   -0.00050625 8.54167e-005 269.646
16 56361   -0.000579167 1.04167e-005 269.717
16 56362   -0.000579167 1.77083e-005 269.709
16 56363   -0.000570833 1.04167e-005 269.716
16 56364   -0.000570833 1.77083e-005 269.708
16 56370   -0.000485417 8.125e-005 269.626
16 56371   -0.00048125 7.70833e-005 269.614
16 56372   -0.00048125 8.54167e-005 269.636
16 56373   -0.000477083 8.125e-005 269.622
16 56928   -0.000454167 -1.25e-005 269.697
16 56929   -0.0004625 -2.08333e-005 269.701
16 56930   -0.0004625 -4.16667e-006 269.699
16 56931   -0.000470833 -1.25e-005 269.701
16 57489   -0.000454167 1.25e-005 269.694
16 57490   -0.0004625 4.16667e-006 269.695
16 57491   -0.000470833 1.25e-005 269.698
16 57492   -0.000466667 2.91667e-005 269.681
16 57493   -0.000458333 2.91667e-005 269.679
16 57494   -0.000466667 2.08333e-005 269.698
16 57495   -0.000458333 2.08333e-005 269.697
end
