Induced Winding Voltages at Rated Speed
Electric Degree
(Volts)
0	0.181134
1	0.543332
2	0.905340
3	1.267033
4	1.628286
5	1.988962
6	2.348917
7	2.707995
8	3.066023
9	3.422811
10	3.778149
11	4.131801
12	4.483508
13	4.832982
14	5.179911
15	5.523963
16	5.864791
17	6.202051
18	6.535416
19	6.864595
20	7.189355
21	7.509533
22	7.825062
23	8.135934
24	8.442208
25	8.743989
26	9.041410
27	9.334603
28	9.623686
29	9.908739
30	10.189799
31	10.466854
32	10.739839
33	11.008647
34	11.273134
35	11.533141
36	11.788507
37	12.039096
38	12.284819
39	12.525654
40	12.761636
41	12.992892
42	13.219620
43	13.442071
44	13.660533
45	13.875307
46	14.086692
47	14.294972
48	14.500405
49	14.703221
50	14.903618
51	15.101763
52	15.297794
53	15.491820
54	15.683925
55	15.874171
56	16.062597
57	16.249221
58	16.434042
59	16.617039
60	16.798174
61	16.977374
62	17.154561
63	17.329630
64	17.502457
65	17.672887
66	17.840737
67	18.005789
68	18.167786
69	18.326429
70	18.481370
71	18.632206
72	18.778480
73	18.919674
74	19.055218
75	19.184496
76	19.306862
77	19.421671
78	19.528308
79	19.626231
80	19.715009
81	19.794352
82	19.864158
83	19.924441
84	19.975349
85	20.017123
86	20.050056
87	20.074442
88	20.090539
89	20.098538
90	20.098538
91	20.090539
92	20.074442
93	20.050056
94	20.017123
95	19.975349
96	19.924441
97	19.864158
98	19.794352
99	19.715009
100	19.626231
101	19.528308
102	19.421671
103	19.306862
104	19.184496
105	19.055218
106	18.919674
107	18.778480
108	18.632206
109	18.481370
110	18.326429
111	18.167786
112	18.005789
113	17.840737
114	17.672887
115	17.502457
116	17.329630
117	17.154561
118	16.977374
119	16.798174
120	16.617039
121	16.434042
122	16.249221
123	16.062597
124	15.874171
125	15.683925
126	15.491820
127	15.297794
128	15.101763
129	14.903618
130	14.703221
131	14.500405
132	14.294972
133	14.086692
134	13.875307
135	13.660533
136	13.442071
137	13.219620
138	12.992892
139	12.761636
140	12.525654
141	12.284819
142	12.039096
143	11.788507
144	11.533141
145	11.273134
146	11.008647
147	10.739839
148	10.466854
149	10.189799
150	9.908739
151	9.623686
152	9.334603
153	9.041410
154	8.743989
155	8.442208
156	8.135934
157	7.825062
158	7.509533
159	7.189355
160	6.864595
161	6.535416
162	6.202051
163	5.864791
164	5.523963
165	5.179911
166	4.832982
167	4.483508
168	4.131801
169	3.778149
170	3.422811
171	3.066023
172	2.707995
173	2.348917
174	1.988962
175	1.628286
176	1.267033
177	0.905340
178	0.543332
179	0.181134
180	-0.181134
181	-0.543332
182	-0.905340
183	-1.267033
184	-1.628286
185	-1.988962
186	-2.348917
187	-2.707995
188	-3.066023
189	-3.422811
190	-3.778149
191	-4.131801
192	-4.483508
193	-4.832982
194	-5.179911
195	-5.523963
196	-5.864791
197	-6.202051
198	-6.535416
199	-6.864595
200	-7.189355
201	-7.509533
202	-7.825062
203	-8.135934
204	-8.442208
205	-8.743989
206	-9.041410
207	-9.334603
208	-9.623686
209	-9.908739
210	-10.189799
211	-10.466854
212	-10.739839
213	-11.008647
214	-11.273134
215	-11.533141
216	-11.788507
217	-12.039096
218	-12.284819
219	-12.525654
220	-12.761636
221	-12.992892
222	-13.219620
223	-13.442071
224	-13.660533
225	-13.875307
226	-14.086692
227	-14.294972
228	-14.500405
229	-14.703221
230	-14.903618
231	-15.101763
232	-15.297794
233	-15.491820
234	-15.683925
235	-15.874171
236	-16.062597
237	-16.249221
238	-16.434042
239	-16.617039
240	-16.798174
241	-16.977374
242	-17.154561
243	-17.329630
244	-17.502457
245	-17.672887
246	-17.840737
247	-18.005789
248	-18.167786
249	-18.326429
250	-18.481370
251	-18.632206
252	-18.778480
253	-18.919674
254	-19.055218
255	-19.184496
256	-19.306862
257	-19.421671
258	-19.528308
259	-19.626231
260	-19.715009
261	-19.794352
262	-19.864158
263	-19.924441
264	-19.975349
265	-20.017123
266	-20.050056
267	-20.074442
268	-20.090539
269	-20.098538
270	-20.098538
271	-20.090539
272	-20.074442
273	-20.050056
274	-20.017123
275	-19.975349
276	-19.924441
277	-19.864158
278	-19.794352
279	-19.715009
280	-19.626231
281	-19.528308
282	-19.421671
283	-19.306862
284	-19.184496
285	-19.055218
286	-18.919674
287	-18.778480
288	-18.632206
289	-18.481370
290	-18.326429
291	-18.167786
292	-18.005789
293	-17.840737
294	-17.672887
295	-17.502457
296	-17.329630
297	-17.154561
298	-16.977374
299	-16.798174
300	-16.617039
301	-16.434042
302	-16.249221
303	-16.062597
304	-15.874171
305	-15.683925
306	-15.491820
307	-15.297794
308	-15.101763
309	-14.903618
310	-14.703221
311	-14.500405
312	-14.294972
313	-14.086692
314	-13.875307
315	-13.660533
316	-13.442071
317	-13.219620
318	-12.992892
319	-12.761636
320	-12.525654
321	-12.284819
322	-12.039096
323	-11.788507
324	-11.533141
325	-11.273134
326	-11.008647
327	-10.739839
328	-10.466854
329	-10.189799
330	-9.908739
331	-9.623686
332	-9.334603
333	-9.041410
334	-8.743989
335	-8.442208
336	-8.135934
337	-7.825062
338	-7.509533
339	-7.189355
340	-6.864595
341	-6.535416
342	-6.202051
343	-5.864791
344	-5.523963
345	-5.179911
346	-4.832982
347	-4.483508
348	-4.131801
349	-3.778149
350	-3.422811
351	-3.066023
352	-2.707995
353	-2.348917
354	-1.988962
355	-1.628286
356	-1.267033
357	-0.905340
358	-0.543332
359	-0.181134
360	0.181134
Phase Voltage ea
0	16.979308
1	17.520707
2	18.059900
3	18.596664
4	19.130743
5	19.661849
6	20.189654
7	20.713783
8	21.233809
9	21.749240
10	22.259518
11	22.764007
12	23.261988
13	23.752656
14	24.235129
15	24.708458
16	25.171653
17	25.623722
18	26.063723
19	26.490826
20	26.904364
21	27.303886
22	27.689221
23	28.060376
24	28.417557
25	28.761112
26	29.091466
27	29.409045
28	29.714225
29	30.007277
30	30.288337
31	30.557393
32	30.814281
33	31.058703
34	31.290258
35	31.508490
36	31.712948
37	31.903254
38	32.079172
39	32.240664
40	32.387867
41	32.521200
42	32.641290
43	32.748933
44	32.845029
45	32.930526
46	33.006367
47	33.073452
48	33.132612
49	33.184591
50	33.230047
51	33.269549
52	33.303582
53	33.332556
54	33.356812
55	33.376629
56	33.392228
57	33.403782
58	33.411416
59	33.415213
60	33.415213
61	33.411416
62	33.403782
63	33.392228
64	33.376629
65	33.356812
66	33.332556
67	33.303582
68	33.269549
69	33.230047
70	33.184591
71	33.132612
72	33.073452
73	33.006367
74	32.930526
75	32.845029
76	32.748933
77	32.641290
78	32.521200
79	32.387867
80	32.240664
81	32.079172
82	31.903254
83	31.712948
84	31.508490
85	31.290258
86	31.058703
87	30.814281
88	30.557393
89	30.288337
90	30.007277
91	29.714225
92	29.409045
93	29.091466
94	28.761112
95	28.417557
96	28.060376
97	27.689221
98	27.303886
99	26.904364
100	26.490826
101	26.063723
102	25.623722
103	25.171653
104	24.708458
105	24.235129
106	23.752656
107	23.261988
108	22.764007
109	22.259518
110	21.749240
111	21.233809
112	20.713783
113	20.189654
114	19.661849
115	19.130743
116	18.596664
117	18.059900
118	17.520707
119	16.979308
120	16.435905
121	15.890710
122	15.343882
123	14.795564
124	14.245886
125	13.694963
126	13.142902
127	12.589799
128	12.035740
129	11.480807
130	10.925073
131	10.368604
132	9.811464
133	9.253711
134	8.695396
135	8.136571
136	7.577280
137	7.017569
138	6.457476
139	5.897041
140	5.336300
141	4.775286
142	4.214033
143	3.652572
144	3.090933
145	2.529146
146	1.967237
147	1.405235
148	0.843168
149	0.281060
150	-0.281060
151	-0.843168
152	-1.405235
153	-1.967237
154	-2.529146
155	-3.090933
156	-3.652572
157	-4.214033
158	-4.775286
159	-5.336300
160	-5.897041
161	-6.457476
162	-7.017569
163	-7.577280
164	-8.136571
165	-8.695396
166	-9.253711
167	-9.811464
168	-10.368604
169	-10.925073
170	-11.480807
171	-12.035740
172	-12.589799
173	-13.142902
174	-13.694963
175	-14.245886
176	-14.795564
177	-15.343882
178	-15.890710
179	-16.435905
180	-16.979308
181	-17.520707
182	-18.059900
183	-18.596664
184	-19.130743
185	-19.661849
186	-20.189654
187	-20.713783
188	-21.233809
189	-21.749240
190	-22.259518
191	-22.764007
192	-23.261988
193	-23.752656
194	-24.235129
195	-24.708458
196	-25.171653
197	-25.623722
198	-26.063723
199	-26.490826
200	-26.904364
201	-27.303886
202	-27.689221
203	-28.060376
204	-28.417557
205	-28.761112
206	-29.091466
207	-29.409045
208	-29.714225
209	-30.007277
210	-30.288337
211	-30.557393
212	-30.814281
213	-31.058703
214	-31.290258
215	-31.508490
216	-31.712948
217	-31.903254
218	-32.079172
219	-32.240664
220	-32.387867
221	-32.521200
222	-32.641290
223	-32.748933
224	-32.845029
225	-32.930526
226	-33.006367
227	-33.073452
228	-33.132612
229	-33.184591
230	-33.230047
231	-33.269549
232	-33.303582
233	-33.332556
234	-33.356812
235	-33.376629
236	-33.392228
237	-33.403782
238	-33.411416
239	-33.415213
240	-33.415213
241	-33.411416
242	-33.403782
243	-33.392228
244	-33.376629
245	-33.356812
246	-33.332556
247	-33.303582
248	-33.269549
249	-33.230047
250	-33.184591
251	-33.132612
252	-33.073452
253	-33.006367
254	-32.930526
255	-32.845029
256	-32.748933
257	-32.641290
258	-32.521200
259	-32.387867
260	-32.240664
261	-32.079172
262	-31.903254
263	-31.712948
264	-31.508490
265	-31.290258
266	-31.058703
267	-30.814281
268	-30.557393
269	-30.288337
270	-30.007277
271	-29.714225
272	-29.409045
273	-29.091466
274	-28.761112
275	-28.417557
276	-28.060376
277	-27.689221
278	-27.303886
279	-26.904364
280	-26.490826
281	-26.063723
282	-25.623722
283	-25.171653
284	-24.708458
285	-24.235129
286	-23.752656
287	-23.261988
288	-22.764007
289	-22.259518
290	-21.749240
291	-21.233809
292	-20.713783
293	-20.189654
294	-19.661849
295	-19.130743
296	-18.596664
297	-18.059900
298	-17.520707
299	-16.979308
300	-16.435905
301	-15.890710
302	-15.343882
303	-14.795564
304	-14.245886
305	-13.694963
306	-13.142902
307	-12.589799
308	-12.035740
309	-11.480807
310	-10.925073
311	-10.368604
312	-9.811464
313	-9.253711
314	-8.695396
315	-8.136571
316	-7.577280
317	-7.017569
318	-6.457476
319	-5.897041
320	-5.336300
321	-4.775286
322	-4.214033
323	-3.652572
324	-3.090933
325	-2.529146
326	-1.967237
327	-1.405235
328	-0.843168
329	-0.281060
330	0.281060
331	0.843168
332	1.405235
333	1.967237
334	2.529146
335	3.090933
336	3.652572
337	4.214033
338	4.775286
339	5.336300
340	5.897041
341	6.457476
342	7.017569
343	7.577280
344	8.136571
345	8.695396
346	9.253711
347	9.811464
348	10.368604
349	10.925073
350	11.480807
351	12.035740
352	12.589799
353	13.142902
354	13.694963
355	14.245886
356	14.795564
357	15.343882
358	15.890710
359	16.435905
360	16.979308
Line Voltage eab
